-221,162,uawayLcEfPXoNZadviOq3qdmFhQ=,xrkbhKq6F4LiiqU7Ocz0zwgzVI4=
-223,166,uawayLcEfPXoNZadviOq3qdmFhQ=,xrkbhKq6F4LiiqU7Ocz0zwgzVI4=
-220,166,uawayLcEfPXoNZadviOq3qdmFhQ=,xrkbhKq6F4LiiqU7Ocz0zwgzVI4=
-219,166,uawayLcEfPXoNZadviOq3qdmFhQ=,xrkbhKq6F4LiiqU7Ocz0zwgzVI4=
-221,166,uawayLcEfPXoNZadviOq3qdmFhQ=,xrkbhKq6F4LiiqU7Ocz0zwgzVI4=
-223,165,uawayLcEfPXoNZadviOq3qdmFhQ=,xrkbhKq6F4LiiqU7Ocz0zwgzVI4=
-221,161,uawayLcEfPXoNZadviOq3qdmFhQ=,xrkbhKq6F4LiiqU7Ocz0zwgzVI4=
-218,165,uawayLcEfPXoNZadviOq3qdmFhQ=,xrkbhKq6F4LiiqU7Ocz0zwgzVI4=
-223,162,uawayLcEfPXoNZadviOq3qdmFhQ=,xrkbhKq6F4LiiqU7Ocz0zwgzVI4=
-222,162,uawayLcEfPXoNZadviOq3qdmFhQ=,xrkbhKq6F4LiiqU7Ocz0zwgzVI4=
-219,165,uawayLcEfPXoNZadviOq3qdmFhQ=,xrkbhKq6F4LiiqU7Ocz0zwgzVI4=
-220,165,uawayLcEfPXoNZadviOq3qdmFhQ=,xrkbhKq6F4LiiqU7Ocz0zwgzVI4=
-221,164,uawayLcEfPXoNZadviOq3qdmFhQ=,xrkbhKq6F4LiiqU7Ocz0zwgzVI4=
-223,164,uawayLcEfPXoNZadviOq3qdmFhQ=,xrkbhKq6F4LiiqU7Ocz0zwgzVI4=
-222,161,uawayLcEfPXoNZadviOq3qdmFhQ=,xrkbhKq6F4LiiqU7Ocz0zwgzVI4=
-222,163,uawayLcEfPXoNZadviOq3qdmFhQ=,xrkbhKq6F4LiiqU7Ocz0zwgzVI4=
-221,163,uawayLcEfPXoNZadviOq3qdmFhQ=,xrkbhKq6F4LiiqU7Ocz0zwgzVI4=
-219,162,uawayLcEfPXoNZadviOq3qdmFhQ=,xrkbhKq6F4LiiqU7Ocz0zwgzVI4=
-221,165,uawayLcEfPXoNZadviOq3qdmFhQ=,xrkbhKq6F4LiiqU7Ocz0zwgzVI4=
-223,163,uawayLcEfPXoNZadviOq3qdmFhQ=,xrkbhKq6F4LiiqU7Ocz0zwgzVI4=
-220,162,uawayLcEfPXoNZadviOq3qdmFhQ=,xrkbhKq6F4LiiqU7Ocz0zwgzVI4=
-218,164,uawayLcEfPXoNZadviOq3qdmFhQ=,xrkbhKq6F4LiiqU7Ocz0zwgzVI4=
-218,162,uawayLcEfPXoNZadviOq3qdmFhQ=,xrkbhKq6F4LiiqU7Ocz0zwgzVI4=
-220,164,uawayLcEfPXoNZadviOq3qdmFhQ=,xrkbhKq6F4LiiqU7Ocz0zwgzVI4=
-219,163,uawayLcEfPXoNZadviOq3qdmFhQ=,xrkbhKq6F4LiiqU7Ocz0zwgzVI4=
-220,163,uawayLcEfPXoNZadviOq3qdmFhQ=,xrkbhKq6F4LiiqU7Ocz0zwgzVI4=
-218,166,uawayLcEfPXoNZadviOq3qdmFhQ=,xrkbhKq6F4LiiqU7Ocz0zwgzVI4=
-222,164,uawayLcEfPXoNZadviOq3qdmFhQ=,xrkbhKq6F4LiiqU7Ocz0zwgzVI4=
-222,166,uawayLcEfPXoNZadviOq3qdmFhQ=,xrkbhKq6F4LiiqU7Ocz0zwgzVI4=
-219,161,uawayLcEfPXoNZadviOq3qdmFhQ=,xrkbhKq6F4LiiqU7Ocz0zwgzVI4=
-218,161,uawayLcEfPXoNZadviOq3qdmFhQ=,xrkbhKq6F4LiiqU7Ocz0zwgzVI4=
-219,164,uawayLcEfPXoNZadviOq3qdmFhQ=,xrkbhKq6F4LiiqU7Ocz0zwgzVI4=
-222,165,uawayLcEfPXoNZadviOq3qdmFhQ=,xrkbhKq6F4LiiqU7Ocz0zwgzVI4=
-223,161,uawayLcEfPXoNZadviOq3qdmFhQ=,xrkbhKq6F4LiiqU7Ocz0zwgzVI4=
-218,163,uawayLcEfPXoNZadviOq3qdmFhQ=,xrkbhKq6F4LiiqU7Ocz0zwgzVI4=
-220,161,uawayLcEfPXoNZadviOq3qdmFhQ=,xrkbhKq6F4LiiqU7Ocz0zwgzVI4=
-212,163,uawayLcEfPXoNZadviOq3qdmFhQ=,LkqBWC7ktZ6UbOkEBamCcAIqWew=
-211,163,uawayLcEfPXoNZadviOq3qdmFhQ=,LkqBWC7ktZ6UbOkEBamCcAIqWew=
-210,163,uawayLcEfPXoNZadviOq3qdmFhQ=,LkqBWC7ktZ6UbOkEBamCcAIqWew=
-216,164,uawayLcEfPXoNZadviOq3qdmFhQ=,LkqBWC7ktZ6UbOkEBamCcAIqWew=
-214,164,uawayLcEfPXoNZadviOq3qdmFhQ=,LkqBWC7ktZ6UbOkEBamCcAIqWew=
-215,164,uawayLcEfPXoNZadviOq3qdmFhQ=,LkqBWC7ktZ6UbOkEBamCcAIqWew=
-212,164,uawayLcEfPXoNZadviOq3qdmFhQ=,LkqBWC7ktZ6UbOkEBamCcAIqWew=
-217,163,uawayLcEfPXoNZadviOq3qdmFhQ=,xrkbhKq6F4LiiqU7Ocz0zwgzVI4=
-211,164,uawayLcEfPXoNZadviOq3qdmFhQ=,LkqBWC7ktZ6UbOkEBamCcAIqWew=
-217,162,uawayLcEfPXoNZadviOq3qdmFhQ=,xrkbhKq6F4LiiqU7Ocz0zwgzVI4=
-217,161,uawayLcEfPXoNZadviOq3qdmFhQ=,xrkbhKq6F4LiiqU7Ocz0zwgzVI4=
-213,164,uawayLcEfPXoNZadviOq3qdmFhQ=,LkqBWC7ktZ6UbOkEBamCcAIqWew=
-210,164,uawayLcEfPXoNZadviOq3qdmFhQ=,LkqBWC7ktZ6UbOkEBamCcAIqWew=
-216,165,uawayLcEfPXoNZadviOq3qdmFhQ=,LkqBWC7ktZ6UbOkEBamCcAIqWew=
-215,165,uawayLcEfPXoNZadviOq3qdmFhQ=,LkqBWC7ktZ6UbOkEBamCcAIqWew=
-214,165,uawayLcEfPXoNZadviOq3qdmFhQ=,LkqBWC7ktZ6UbOkEBamCcAIqWew=
-217,166,uawayLcEfPXoNZadviOq3qdmFhQ=,xrkbhKq6F4LiiqU7Ocz0zwgzVI4=
-212,165,uawayLcEfPXoNZadviOq3qdmFhQ=,LkqBWC7ktZ6UbOkEBamCcAIqWew=
-217,164,uawayLcEfPXoNZadviOq3qdmFhQ=,xrkbhKq6F4LiiqU7Ocz0zwgzVI4=
-213,165,uawayLcEfPXoNZadviOq3qdmFhQ=,LkqBWC7ktZ6UbOkEBamCcAIqWew=
-211,165,uawayLcEfPXoNZadviOq3qdmFhQ=,LkqBWC7ktZ6UbOkEBamCcAIqWew=
-210,165,uawayLcEfPXoNZadviOq3qdmFhQ=,LkqBWC7ktZ6UbOkEBamCcAIqWew=
-215,166,uawayLcEfPXoNZadviOq3qdmFhQ=,LkqBWC7ktZ6UbOkEBamCcAIqWew=
-214,166,uawayLcEfPXoNZadviOq3qdmFhQ=,LkqBWC7ktZ6UbOkEBamCcAIqWew=
-216,166,uawayLcEfPXoNZadviOq3qdmFhQ=,LkqBWC7ktZ6UbOkEBamCcAIqWew=
-213,166,uawayLcEfPXoNZadviOq3qdmFhQ=,LkqBWC7ktZ6UbOkEBamCcAIqWew=
-211,166,uawayLcEfPXoNZadviOq3qdmFhQ=,LkqBWC7ktZ6UbOkEBamCcAIqWew=
-212,166,uawayLcEfPXoNZadviOq3qdmFhQ=,LkqBWC7ktZ6UbOkEBamCcAIqWew=
-210,166,uawayLcEfPXoNZadviOq3qdmFhQ=,LkqBWC7ktZ6UbOkEBamCcAIqWew=
-216,161,uawayLcEfPXoNZadviOq3qdmFhQ=,LkqBWC7ktZ6UbOkEBamCcAIqWew=
-215,161,uawayLcEfPXoNZadviOq3qdmFhQ=,LkqBWC7ktZ6UbOkEBamCcAIqWew=
-213,161,uawayLcEfPXoNZadviOq3qdmFhQ=,LkqBWC7ktZ6UbOkEBamCcAIqWew=
-214,161,uawayLcEfPXoNZadviOq3qdmFhQ=,LkqBWC7ktZ6UbOkEBamCcAIqWew=
-217,165,uawayLcEfPXoNZadviOq3qdmFhQ=,xrkbhKq6F4LiiqU7Ocz0zwgzVI4=
-211,161,uawayLcEfPXoNZadviOq3qdmFhQ=,LkqBWC7ktZ6UbOkEBamCcAIqWew=
-210,161,uawayLcEfPXoNZadviOq3qdmFhQ=,LkqBWC7ktZ6UbOkEBamCcAIqWew=
-216,162,uawayLcEfPXoNZadviOq3qdmFhQ=,LkqBWC7ktZ6UbOkEBamCcAIqWew=
-215,162,uawayLcEfPXoNZadviOq3qdmFhQ=,LkqBWC7ktZ6UbOkEBamCcAIqWew=
-214,162,uawayLcEfPXoNZadviOq3qdmFhQ=,LkqBWC7ktZ6UbOkEBamCcAIqWew=
-212,161,uawayLcEfPXoNZadviOq3qdmFhQ=,LkqBWC7ktZ6UbOkEBamCcAIqWew=
-213,162,uawayLcEfPXoNZadviOq3qdmFhQ=,LkqBWC7ktZ6UbOkEBamCcAIqWew=
-212,162,uawayLcEfPXoNZadviOq3qdmFhQ=,LkqBWC7ktZ6UbOkEBamCcAIqWew=
-211,162,uawayLcEfPXoNZadviOq3qdmFhQ=,LkqBWC7ktZ6UbOkEBamCcAIqWew=
-215,163,uawayLcEfPXoNZadviOq3qdmFhQ=,LkqBWC7ktZ6UbOkEBamCcAIqWew=
-216,163,uawayLcEfPXoNZadviOq3qdmFhQ=,LkqBWC7ktZ6UbOkEBamCcAIqWew=
-210,162,uawayLcEfPXoNZadviOq3qdmFhQ=,LkqBWC7ktZ6UbOkEBamCcAIqWew=
-214,163,uawayLcEfPXoNZadviOq3qdmFhQ=,LkqBWC7ktZ6UbOkEBamCcAIqWew=
-213,163,uawayLcEfPXoNZadviOq3qdmFhQ=,LkqBWC7ktZ6UbOkEBamCcAIqWew=
-209,161,uawayLcEfPXoNZadviOq3qdmFhQ=,LkqBWC7ktZ6UbOkEBamCcAIqWew=
-209,162,uawayLcEfPXoNZadviOq3qdmFhQ=,LkqBWC7ktZ6UbOkEBamCcAIqWew=
-209,166,uawayLcEfPXoNZadviOq3qdmFhQ=,LkqBWC7ktZ6UbOkEBamCcAIqWew=
-209,165,uawayLcEfPXoNZadviOq3qdmFhQ=,LkqBWC7ktZ6UbOkEBamCcAIqWew=
-209,163,uawayLcEfPXoNZadviOq3qdmFhQ=,LkqBWC7ktZ6UbOkEBamCcAIqWew=
-209,164,uawayLcEfPXoNZadviOq3qdmFhQ=,LkqBWC7ktZ6UbOkEBamCcAIqWew=
-224,164,uawayLcEfPXoNZadviOq3qdmFhQ=,xrkbhKq6F4LiiqU7Ocz0zwgzVI4=
-224,162,uawayLcEfPXoNZadviOq3qdmFhQ=,xrkbhKq6F4LiiqU7Ocz0zwgzVI4=
-224,166,uawayLcEfPXoNZadviOq3qdmFhQ=,xrkbhKq6F4LiiqU7Ocz0zwgzVI4=
-224,165,uawayLcEfPXoNZadviOq3qdmFhQ=,xrkbhKq6F4LiiqU7Ocz0zwgzVI4=
-224,161,uawayLcEfPXoNZadviOq3qdmFhQ=,xrkbhKq6F4LiiqU7Ocz0zwgzVI4=
-222,160,uawayLcEfPXoNZadviOq3qdmFhQ=,xrkbhKq6F4LiiqU7Ocz0zwgzVI4=
-223,160,uawayLcEfPXoNZadviOq3qdmFhQ=,xrkbhKq6F4LiiqU7Ocz0zwgzVI4=
-219,160,uawayLcEfPXoNZadviOq3qdmFhQ=,xrkbhKq6F4LiiqU7Ocz0zwgzVI4=
-221,160,uawayLcEfPXoNZadviOq3qdmFhQ=,xrkbhKq6F4LiiqU7Ocz0zwgzVI4=
-218,160,uawayLcEfPXoNZadviOq3qdmFhQ=,xrkbhKq6F4LiiqU7Ocz0zwgzVI4=
-220,160,uawayLcEfPXoNZadviOq3qdmFhQ=,xrkbhKq6F4LiiqU7Ocz0zwgzVI4=
-217,160,uawayLcEfPXoNZadviOq3qdmFhQ=,xrkbhKq6F4LiiqU7Ocz0zwgzVI4=
-215,160,uawayLcEfPXoNZadviOq3qdmFhQ=,LkqBWC7ktZ6UbOkEBamCcAIqWew=
-214,160,uawayLcEfPXoNZadviOq3qdmFhQ=,LkqBWC7ktZ6UbOkEBamCcAIqWew=
-216,160,uawayLcEfPXoNZadviOq3qdmFhQ=,LkqBWC7ktZ6UbOkEBamCcAIqWew=
-213,160,uawayLcEfPXoNZadviOq3qdmFhQ=,LkqBWC7ktZ6UbOkEBamCcAIqWew=
-211,160,uawayLcEfPXoNZadviOq3qdmFhQ=,LkqBWC7ktZ6UbOkEBamCcAIqWew=
-210,160,uawayLcEfPXoNZadviOq3qdmFhQ=,LkqBWC7ktZ6UbOkEBamCcAIqWew=
-212,160,uawayLcEfPXoNZadviOq3qdmFhQ=,LkqBWC7ktZ6UbOkEBamCcAIqWew=
-209,160,uawayLcEfPXoNZadviOq3qdmFhQ=,LkqBWC7ktZ6UbOkEBamCcAIqWew=
-222,175,uawayLcEfPXoNZadviOq3qdmFhQ=,4XmG3NjhpU8Zbc9kNevOae8/OHg=
-221,175,uawayLcEfPXoNZadviOq3qdmFhQ=,4XmG3NjhpU8Zbc9kNevOae8/OHg=
-221,167,uawayLcEfPXoNZadviOq3qdmFhQ=,xrkbhKq6F4LiiqU7Ocz0zwgzVI4=
-218,174,uawayLcEfPXoNZadviOq3qdmFhQ=,4XmG3NjhpU8Zbc9kNevOae8/OHg=
-223,175,uawayLcEfPXoNZadviOq3qdmFhQ=,4XmG3NjhpU8Zbc9kNevOae8/OHg=
-222,167,uawayLcEfPXoNZadviOq3qdmFhQ=,xrkbhKq6F4LiiqU7Ocz0zwgzVI4=
-224,175,uawayLcEfPXoNZadviOq3qdmFhQ=,4XmG3NjhpU8Zbc9kNevOae8/OHg=
-224,163,uawayLcEfPXoNZadviOq3qdmFhQ=,xrkbhKq6F4LiiqU7Ocz0zwgzVI4=
-223,167,uawayLcEfPXoNZadviOq3qdmFhQ=,xrkbhKq6F4LiiqU7Ocz0zwgzVI4=
-219,174,uawayLcEfPXoNZadviOq3qdmFhQ=,4XmG3NjhpU8Zbc9kNevOae8/OHg=
-220,174,uawayLcEfPXoNZadviOq3qdmFhQ=,4XmG3NjhpU8Zbc9kNevOae8/OHg=
-224,160,uawayLcEfPXoNZadviOq3qdmFhQ=,xrkbhKq6F4LiiqU7Ocz0zwgzVI4=
-222,174,uawayLcEfPXoNZadviOq3qdmFhQ=,4XmG3NjhpU8Zbc9kNevOae8/OHg=
-219,173,uawayLcEfPXoNZadviOq3qdmFhQ=,4XmG3NjhpU8Zbc9kNevOae8/OHg=
-224,174,uawayLcEfPXoNZadviOq3qdmFhQ=,4XmG3NjhpU8Zbc9kNevOae8/OHg=
-221,174,uawayLcEfPXoNZadviOq3qdmFhQ=,4XmG3NjhpU8Zbc9kNevOae8/OHg=
-218,173,uawayLcEfPXoNZadviOq3qdmFhQ=,4XmG3NjhpU8Zbc9kNevOae8/OHg=
-220,175,uawayLcEfPXoNZadviOq3qdmFhQ=,4XmG3NjhpU8Zbc9kNevOae8/OHg=
-219,175,uawayLcEfPXoNZadviOq3qdmFhQ=,4XmG3NjhpU8Zbc9kNevOae8/OHg=
-220,173,uawayLcEfPXoNZadviOq3qdmFhQ=,4XmG3NjhpU8Zbc9kNevOae8/OHg=
-221,173,uawayLcEfPXoNZadviOq3qdmFhQ=,4XmG3NjhpU8Zbc9kNevOae8/OHg=
-224,167,uawayLcEfPXoNZadviOq3qdmFhQ=,xrkbhKq6F4LiiqU7Ocz0zwgzVI4=
-223,174,uawayLcEfPXoNZadviOq3qdmFhQ=,4XmG3NjhpU8Zbc9kNevOae8/OHg=
-222,173,uawayLcEfPXoNZadviOq3qdmFhQ=,4XmG3NjhpU8Zbc9kNevOae8/OHg=
-224,173,uawayLcEfPXoNZadviOq3qdmFhQ=,4XmG3NjhpU8Zbc9kNevOae8/OHg=
-222,172,uawayLcEfPXoNZadviOq3qdmFhQ=,4XmG3NjhpU8Zbc9kNevOae8/OHg=
-223,173,uawayLcEfPXoNZadviOq3qdmFhQ=,4XmG3NjhpU8Zbc9kNevOae8/OHg=
-219,172,uawayLcEfPXoNZadviOq3qdmFhQ=,4XmG3NjhpU8Zbc9kNevOae8/OHg=
-220,167,uawayLcEfPXoNZadviOq3qdmFhQ=,xrkbhKq6F4LiiqU7Ocz0zwgzVI4=
-218,172,uawayLcEfPXoNZadviOq3qdmFhQ=,4XmG3NjhpU8Zbc9kNevOae8/OHg=
-223,172,uawayLcEfPXoNZadviOq3qdmFhQ=,4XmG3NjhpU8Zbc9kNevOae8/OHg=
-220,172,uawayLcEfPXoNZadviOq3qdmFhQ=,4XmG3NjhpU8Zbc9kNevOae8/OHg=
-221,172,uawayLcEfPXoNZadviOq3qdmFhQ=,4XmG3NjhpU8Zbc9kNevOae8/OHg=
-219,171,uawayLcEfPXoNZadviOq3qdmFhQ=,4XmG3NjhpU8Zbc9kNevOae8/OHg=
-221,171,uawayLcEfPXoNZadviOq3qdmFhQ=,4XmG3NjhpU8Zbc9kNevOae8/OHg=
-219,167,uawayLcEfPXoNZadviOq3qdmFhQ=,xrkbhKq6F4LiiqU7Ocz0zwgzVI4=
-218,171,uawayLcEfPXoNZadviOq3qdmFhQ=,4XmG3NjhpU8Zbc9kNevOae8/OHg=
-224,171,uawayLcEfPXoNZadviOq3qdmFhQ=,4XmG3NjhpU8Zbc9kNevOae8/OHg=
-218,175,uawayLcEfPXoNZadviOq3qdmFhQ=,4XmG3NjhpU8Zbc9kNevOae8/OHg=
-223,171,uawayLcEfPXoNZadviOq3qdmFhQ=,4XmG3NjhpU8Zbc9kNevOae8/OHg=
-220,171,uawayLcEfPXoNZadviOq3qdmFhQ=,4XmG3NjhpU8Zbc9kNevOae8/OHg=
-218,170,uawayLcEfPXoNZadviOq3qdmFhQ=,4XmG3NjhpU8Zbc9kNevOae8/OHg=
-222,171,uawayLcEfPXoNZadviOq3qdmFhQ=,4XmG3NjhpU8Zbc9kNevOae8/OHg=
-224,172,uawayLcEfPXoNZadviOq3qdmFhQ=,4XmG3NjhpU8Zbc9kNevOae8/OHg=
-218,169,uawayLcEfPXoNZadviOq3qdmFhQ=,4XmG3NjhpU8Zbc9kNevOae8/OHg=
-220,170,uawayLcEfPXoNZadviOq3qdmFhQ=,4XmG3NjhpU8Zbc9kNevOae8/OHg=
-219,170,uawayLcEfPXoNZadviOq3qdmFhQ=,4XmG3NjhpU8Zbc9kNevOae8/OHg=
-218,167,uawayLcEfPXoNZadviOq3qdmFhQ=,xrkbhKq6F4LiiqU7Ocz0zwgzVI4=
-222,170,uawayLcEfPXoNZadviOq3qdmFhQ=,4XmG3NjhpU8Zbc9kNevOae8/OHg=
-224,170,uawayLcEfPXoNZadviOq3qdmFhQ=,4XmG3NjhpU8Zbc9kNevOae8/OHg=
-219,169,uawayLcEfPXoNZadviOq3qdmFhQ=,4XmG3NjhpU8Zbc9kNevOae8/OHg=
-218,168,uawayLcEfPXoNZadviOq3qdmFhQ=,4XmG3NjhpU8Zbc9kNevOae8/OHg=
-224,169,uawayLcEfPXoNZadviOq3qdmFhQ=,4XmG3NjhpU8Zbc9kNevOae8/OHg=
-224,168,uawayLcEfPXoNZadviOq3qdmFhQ=,4XmG3NjhpU8Zbc9kNevOae8/OHg=
-221,170,uawayLcEfPXoNZadviOq3qdmFhQ=,4XmG3NjhpU8Zbc9kNevOae8/OHg=
-220,169,uawayLcEfPXoNZadviOq3qdmFhQ=,4XmG3NjhpU8Zbc9kNevOae8/OHg=
-223,169,uawayLcEfPXoNZadviOq3qdmFhQ=,4XmG3NjhpU8Zbc9kNevOae8/OHg=
-221,169,uawayLcEfPXoNZadviOq3qdmFhQ=,4XmG3NjhpU8Zbc9kNevOae8/OHg=
-219,168,uawayLcEfPXoNZadviOq3qdmFhQ=,4XmG3NjhpU8Zbc9kNevOae8/OHg=
-220,168,uawayLcEfPXoNZadviOq3qdmFhQ=,4XmG3NjhpU8Zbc9kNevOae8/OHg=
-222,169,uawayLcEfPXoNZadviOq3qdmFhQ=,4XmG3NjhpU8Zbc9kNevOae8/OHg=
-222,168,uawayLcEfPXoNZadviOq3qdmFhQ=,4XmG3NjhpU8Zbc9kNevOae8/OHg=
-221,168,uawayLcEfPXoNZadviOq3qdmFhQ=,4XmG3NjhpU8Zbc9kNevOae8/OHg=
-209,167,uawayLcEfPXoNZadviOq3qdmFhQ=,LkqBWC7ktZ6UbOkEBamCcAIqWew=
-223,170,uawayLcEfPXoNZadviOq3qdmFhQ=,4XmG3NjhpU8Zbc9kNevOae8/OHg=
-223,168,uawayLcEfPXoNZadviOq3qdmFhQ=,4XmG3NjhpU8Zbc9kNevOae8/OHg=
-215,173,uawayLcEfPXoNZadviOq3qdmFhQ=,psYrq0Ejpqj5YxHsAkLv5+Jasl0=
-216,173,uawayLcEfPXoNZadviOq3qdmFhQ=,psYrq0Ejpqj5YxHsAkLv5+Jasl0=
-213,173,uawayLcEfPXoNZadviOq3qdmFhQ=,psYrq0Ejpqj5YxHsAkLv5+Jasl0=
-210,167,uawayLcEfPXoNZadviOq3qdmFhQ=,LkqBWC7ktZ6UbOkEBamCcAIqWew=
-212,173,uawayLcEfPXoNZadviOq3qdmFhQ=,psYrq0Ejpqj5YxHsAkLv5+Jasl0=
-212,167,uawayLcEfPXoNZadviOq3qdmFhQ=,LkqBWC7ktZ6UbOkEBamCcAIqWew=
-217,167,uawayLcEfPXoNZadviOq3qdmFhQ=,xrkbhKq6F4LiiqU7Ocz0zwgzVI4=
-214,173,uawayLcEfPXoNZadviOq3qdmFhQ=,psYrq0Ejpqj5YxHsAkLv5+Jasl0=
-211,172,uawayLcEfPXoNZadviOq3qdmFhQ=,psYrq0Ejpqj5YxHsAkLv5+Jasl0=
-213,167,uawayLcEfPXoNZadviOq3qdmFhQ=,LkqBWC7ktZ6UbOkEBamCcAIqWew=
-209,172,uawayLcEfPXoNZadviOq3qdmFhQ=,psYrq0Ejpqj5YxHsAkLv5+Jasl0=
-212,172,uawayLcEfPXoNZadviOq3qdmFhQ=,psYrq0Ejpqj5YxHsAkLv5+Jasl0=
-211,173,uawayLcEfPXoNZadviOq3qdmFhQ=,psYrq0Ejpqj5YxHsAkLv5+Jasl0=
-210,172,uawayLcEfPXoNZadviOq3qdmFhQ=,psYrq0Ejpqj5YxHsAkLv5+Jasl0=
-214,172,uawayLcEfPXoNZadviOq3qdmFhQ=,psYrq0Ejpqj5YxHsAkLv5+Jasl0=
-215,167,uawayLcEfPXoNZadviOq3qdmFhQ=,LkqBWC7ktZ6UbOkEBamCcAIqWew=
-216,167,uawayLcEfPXoNZadviOq3qdmFhQ=,LkqBWC7ktZ6UbOkEBamCcAIqWew=
-211,167,uawayLcEfPXoNZadviOq3qdmFhQ=,LkqBWC7ktZ6UbOkEBamCcAIqWew=
-215,172,uawayLcEfPXoNZadviOq3qdmFhQ=,psYrq0Ejpqj5YxHsAkLv5+Jasl0=
-210,173,uawayLcEfPXoNZadviOq3qdmFhQ=,psYrq0Ejpqj5YxHsAkLv5+Jasl0=
-213,172,uawayLcEfPXoNZadviOq3qdmFhQ=,psYrq0Ejpqj5YxHsAkLv5+Jasl0=
-214,167,uawayLcEfPXoNZadviOq3qdmFhQ=,LkqBWC7ktZ6UbOkEBamCcAIqWew=
-209,171,uawayLcEfPXoNZadviOq3qdmFhQ=,psYrq0Ejpqj5YxHsAkLv5+Jasl0=
-217,173,uawayLcEfPXoNZadviOq3qdmFhQ=,4XmG3NjhpU8Zbc9kNevOae8/OHg=
-210,171,uawayLcEfPXoNZadviOq3qdmFhQ=,psYrq0Ejpqj5YxHsAkLv5+Jasl0=
-211,171,uawayLcEfPXoNZadviOq3qdmFhQ=,psYrq0Ejpqj5YxHsAkLv5+Jasl0=
-217,175,uawayLcEfPXoNZadviOq3qdmFhQ=,4XmG3NjhpU8Zbc9kNevOae8/OHg=
-217,172,uawayLcEfPXoNZadviOq3qdmFhQ=,4XmG3NjhpU8Zbc9kNevOae8/OHg=
-217,174,uawayLcEfPXoNZadviOq3qdmFhQ=,4XmG3NjhpU8Zbc9kNevOae8/OHg=
-217,171,uawayLcEfPXoNZadviOq3qdmFhQ=,4XmG3NjhpU8Zbc9kNevOae8/OHg=
-213,171,uawayLcEfPXoNZadviOq3qdmFhQ=,psYrq0Ejpqj5YxHsAkLv5+Jasl0=
-210,175,uawayLcEfPXoNZadviOq3qdmFhQ=,psYrq0Ejpqj5YxHsAkLv5+Jasl0=
-214,171,uawayLcEfPXoNZadviOq3qdmFhQ=,psYrq0Ejpqj5YxHsAkLv5+Jasl0=
-216,168,uawayLcEfPXoNZadviOq3qdmFhQ=,psYrq0Ejpqj5YxHsAkLv5+Jasl0=
-209,175,uawayLcEfPXoNZadviOq3qdmFhQ=,psYrq0Ejpqj5YxHsAkLv5+Jasl0=
-211,175,uawayLcEfPXoNZadviOq3qdmFhQ=,psYrq0Ejpqj5YxHsAkLv5+Jasl0=
-212,171,uawayLcEfPXoNZadviOq3qdmFhQ=,psYrq0Ejpqj5YxHsAkLv5+Jasl0=
-213,175,uawayLcEfPXoNZadviOq3qdmFhQ=,psYrq0Ejpqj5YxHsAkLv5+Jasl0=
-212,175,uawayLcEfPXoNZadviOq3qdmFhQ=,psYrq0Ejpqj5YxHsAkLv5+Jasl0=
-214,175,uawayLcEfPXoNZadviOq3qdmFhQ=,psYrq0Ejpqj5YxHsAkLv5+Jasl0=
-215,175,uawayLcEfPXoNZadviOq3qdmFhQ=,psYrq0Ejpqj5YxHsAkLv5+Jasl0=
-215,171,uawayLcEfPXoNZadviOq3qdmFhQ=,psYrq0Ejpqj5YxHsAkLv5+Jasl0=
-217,168,uawayLcEfPXoNZadviOq3qdmFhQ=,4XmG3NjhpU8Zbc9kNevOae8/OHg=
-216,175,uawayLcEfPXoNZadviOq3qdmFhQ=,psYrq0Ejpqj5YxHsAkLv5+Jasl0=
-211,170,uawayLcEfPXoNZadviOq3qdmFhQ=,psYrq0Ejpqj5YxHsAkLv5+Jasl0=
-209,170,uawayLcEfPXoNZadviOq3qdmFhQ=,psYrq0Ejpqj5YxHsAkLv5+Jasl0=
-210,170,uawayLcEfPXoNZadviOq3qdmFhQ=,psYrq0Ejpqj5YxHsAkLv5+Jasl0=
-215,168,uawayLcEfPXoNZadviOq3qdmFhQ=,psYrq0Ejpqj5YxHsAkLv5+Jasl0=
-209,174,uawayLcEfPXoNZadviOq3qdmFhQ=,psYrq0Ejpqj5YxHsAkLv5+Jasl0=
-216,171,uawayLcEfPXoNZadviOq3qdmFhQ=,psYrq0Ejpqj5YxHsAkLv5+Jasl0=
-212,170,uawayLcEfPXoNZadviOq3qdmFhQ=,psYrq0Ejpqj5YxHsAkLv5+Jasl0=
-214,170,uawayLcEfPXoNZadviOq3qdmFhQ=,psYrq0Ejpqj5YxHsAkLv5+Jasl0=
-210,174,uawayLcEfPXoNZadviOq3qdmFhQ=,psYrq0Ejpqj5YxHsAkLv5+Jasl0=
-209,169,uawayLcEfPXoNZadviOq3qdmFhQ=,psYrq0Ejpqj5YxHsAkLv5+Jasl0=
-213,170,uawayLcEfPXoNZadviOq3qdmFhQ=,psYrq0Ejpqj5YxHsAkLv5+Jasl0=
-217,170,uawayLcEfPXoNZadviOq3qdmFhQ=,4XmG3NjhpU8Zbc9kNevOae8/OHg=
-214,168,uawayLcEfPXoNZadviOq3qdmFhQ=,psYrq0Ejpqj5YxHsAkLv5+Jasl0=
-216,170,uawayLcEfPXoNZadviOq3qdmFhQ=,psYrq0Ejpqj5YxHsAkLv5+Jasl0=
-211,174,uawayLcEfPXoNZadviOq3qdmFhQ=,psYrq0Ejpqj5YxHsAkLv5+Jasl0=
-210,169,uawayLcEfPXoNZadviOq3qdmFhQ=,psYrq0Ejpqj5YxHsAkLv5+Jasl0=
-212,174,uawayLcEfPXoNZadviOq3qdmFhQ=,psYrq0Ejpqj5YxHsAkLv5+Jasl0=
-215,170,uawayLcEfPXoNZadviOq3qdmFhQ=,psYrq0Ejpqj5YxHsAkLv5+Jasl0=
-211,169,uawayLcEfPXoNZadviOq3qdmFhQ=,psYrq0Ejpqj5YxHsAkLv5+Jasl0=
-216,172,uawayLcEfPXoNZadviOq3qdmFhQ=,psYrq0Ejpqj5YxHsAkLv5+Jasl0=
-213,168,uawayLcEfPXoNZadviOq3qdmFhQ=,psYrq0Ejpqj5YxHsAkLv5+Jasl0=
-213,169,uawayLcEfPXoNZadviOq3qdmFhQ=,psYrq0Ejpqj5YxHsAkLv5+Jasl0=
-213,174,uawayLcEfPXoNZadviOq3qdmFhQ=,psYrq0Ejpqj5YxHsAkLv5+Jasl0=
-217,169,uawayLcEfPXoNZadviOq3qdmFhQ=,4XmG3NjhpU8Zbc9kNevOae8/OHg=
-212,169,uawayLcEfPXoNZadviOq3qdmFhQ=,psYrq0Ejpqj5YxHsAkLv5+Jasl0=
-215,174,uawayLcEfPXoNZadviOq3qdmFhQ=,psYrq0Ejpqj5YxHsAkLv5+Jasl0=
-215,169,uawayLcEfPXoNZadviOq3qdmFhQ=,psYrq0Ejpqj5YxHsAkLv5+Jasl0=
-216,174,uawayLcEfPXoNZadviOq3qdmFhQ=,psYrq0Ejpqj5YxHsAkLv5+Jasl0=
-214,174,uawayLcEfPXoNZadviOq3qdmFhQ=,psYrq0Ejpqj5YxHsAkLv5+Jasl0=
-209,173,uawayLcEfPXoNZadviOq3qdmFhQ=,psYrq0Ejpqj5YxHsAkLv5+Jasl0=
-216,169,uawayLcEfPXoNZadviOq3qdmFhQ=,psYrq0Ejpqj5YxHsAkLv5+Jasl0=
-210,168,uawayLcEfPXoNZadviOq3qdmFhQ=,psYrq0Ejpqj5YxHsAkLv5+Jasl0=
-209,168,uawayLcEfPXoNZadviOq3qdmFhQ=,psYrq0Ejpqj5YxHsAkLv5+Jasl0=
-211,168,uawayLcEfPXoNZadviOq3qdmFhQ=,psYrq0Ejpqj5YxHsAkLv5+Jasl0=
-212,168,uawayLcEfPXoNZadviOq3qdmFhQ=,psYrq0Ejpqj5YxHsAkLv5+Jasl0=
-214,169,uawayLcEfPXoNZadviOq3qdmFhQ=,psYrq0Ejpqj5YxHsAkLv5+Jasl0=
-222,178,uawayLcEfPXoNZadviOq3qdmFhQ=,F90wUgII7N8nm1/kCGFw52ip3YQ=
-219,182,uawayLcEfPXoNZadviOq3qdmFhQ=,F90wUgII7N8nm1/kCGFw52ip3YQ=
-220,182,uawayLcEfPXoNZadviOq3qdmFhQ=,F90wUgII7N8nm1/kCGFw52ip3YQ=
-219,181,uawayLcEfPXoNZadviOq3qdmFhQ=,F90wUgII7N8nm1/kCGFw52ip3YQ=
-220,181,uawayLcEfPXoNZadviOq3qdmFhQ=,F90wUgII7N8nm1/kCGFw52ip3YQ=
-223,178,uawayLcEfPXoNZadviOq3qdmFhQ=,F90wUgII7N8nm1/kCGFw52ip3YQ=
-221,181,uawayLcEfPXoNZadviOq3qdmFhQ=,F90wUgII7N8nm1/kCGFw52ip3YQ=
-218,177,uawayLcEfPXoNZadviOq3qdmFhQ=,F90wUgII7N8nm1/kCGFw52ip3YQ=
-221,182,uawayLcEfPXoNZadviOq3qdmFhQ=,F90wUgII7N8nm1/kCGFw52ip3YQ=
-223,179,uawayLcEfPXoNZadviOq3qdmFhQ=,F90wUgII7N8nm1/kCGFw52ip3YQ=
-218,180,uawayLcEfPXoNZadviOq3qdmFhQ=,F90wUgII7N8nm1/kCGFw52ip3YQ=
-221,177,uawayLcEfPXoNZadviOq3qdmFhQ=,F90wUgII7N8nm1/kCGFw52ip3YQ=
-222,177,uawayLcEfPXoNZadviOq3qdmFhQ=,F90wUgII7N8nm1/kCGFw52ip3YQ=
-219,177,uawayLcEfPXoNZadviOq3qdmFhQ=,F90wUgII7N8nm1/kCGFw52ip3YQ=
-223,177,uawayLcEfPXoNZadviOq3qdmFhQ=,F90wUgII7N8nm1/kCGFw52ip3YQ=
-223,180,uawayLcEfPXoNZadviOq3qdmFhQ=,F90wUgII7N8nm1/kCGFw52ip3YQ=
-220,177,uawayLcEfPXoNZadviOq3qdmFhQ=,F90wUgII7N8nm1/kCGFw52ip3YQ=
-219,180,uawayLcEfPXoNZadviOq3qdmFhQ=,F90wUgII7N8nm1/kCGFw52ip3YQ=
-218,179,uawayLcEfPXoNZadviOq3qdmFhQ=,F90wUgII7N8nm1/kCGFw52ip3YQ=
-219,179,uawayLcEfPXoNZadviOq3qdmFhQ=,F90wUgII7N8nm1/kCGFw52ip3YQ=
-220,179,uawayLcEfPXoNZadviOq3qdmFhQ=,F90wUgII7N8nm1/kCGFw52ip3YQ=
-222,182,uawayLcEfPXoNZadviOq3qdmFhQ=,F90wUgII7N8nm1/kCGFw52ip3YQ=
-221,179,uawayLcEfPXoNZadviOq3qdmFhQ=,F90wUgII7N8nm1/kCGFw52ip3YQ=
-219,178,uawayLcEfPXoNZadviOq3qdmFhQ=,F90wUgII7N8nm1/kCGFw52ip3YQ=
-218,178,uawayLcEfPXoNZadviOq3qdmFhQ=,F90wUgII7N8nm1/kCGFw52ip3YQ=
-222,180,uawayLcEfPXoNZadviOq3qdmFhQ=,F90wUgII7N8nm1/kCGFw52ip3YQ=
-221,178,uawayLcEfPXoNZadviOq3qdmFhQ=,F90wUgII7N8nm1/kCGFw52ip3YQ=
-221,180,uawayLcEfPXoNZadviOq3qdmFhQ=,F90wUgII7N8nm1/kCGFw52ip3YQ=
-222,179,uawayLcEfPXoNZadviOq3qdmFhQ=,F90wUgII7N8nm1/kCGFw52ip3YQ=
-223,182,uawayLcEfPXoNZadviOq3qdmFhQ=,F90wUgII7N8nm1/kCGFw52ip3YQ=
-220,178,uawayLcEfPXoNZadviOq3qdmFhQ=,F90wUgII7N8nm1/kCGFw52ip3YQ=
-220,180,uawayLcEfPXoNZadviOq3qdmFhQ=,F90wUgII7N8nm1/kCGFw52ip3YQ=
-222,181,uawayLcEfPXoNZadviOq3qdmFhQ=,F90wUgII7N8nm1/kCGFw52ip3YQ=
-218,181,uawayLcEfPXoNZadviOq3qdmFhQ=,F90wUgII7N8nm1/kCGFw52ip3YQ=
-223,181,uawayLcEfPXoNZadviOq3qdmFhQ=,F90wUgII7N8nm1/kCGFw52ip3YQ=
-218,182,uawayLcEfPXoNZadviOq3qdmFhQ=,F90wUgII7N8nm1/kCGFw52ip3YQ=
-212,179,uawayLcEfPXoNZadviOq3qdmFhQ=,3uXO4Q6J1at1WoOAVeTdyXpVloc=
-213,179,uawayLcEfPXoNZadviOq3qdmFhQ=,3uXO4Q6J1at1WoOAVeTdyXpVloc=
-211,179,uawayLcEfPXoNZadviOq3qdmFhQ=,3uXO4Q6J1at1WoOAVeTdyXpVloc=
-210,179,uawayLcEfPXoNZadviOq3qdmFhQ=,3uXO4Q6J1at1WoOAVeTdyXpVloc=
-214,179,uawayLcEfPXoNZadviOq3qdmFhQ=,3uXO4Q6J1at1WoOAVeTdyXpVloc=
-216,180,uawayLcEfPXoNZadviOq3qdmFhQ=,3uXO4Q6J1at1WoOAVeTdyXpVloc=
-216,179,uawayLcEfPXoNZadviOq3qdmFhQ=,3uXO4Q6J1at1WoOAVeTdyXpVloc=
-209,179,uawayLcEfPXoNZadviOq3qdmFhQ=,3uXO4Q6J1at1WoOAVeTdyXpVloc=
-215,180,uawayLcEfPXoNZadviOq3qdmFhQ=,3uXO4Q6J1at1WoOAVeTdyXpVloc=
-209,178,uawayLcEfPXoNZadviOq3qdmFhQ=,3uXO4Q6J1at1WoOAVeTdyXpVloc=
-217,181,uawayLcEfPXoNZadviOq3qdmFhQ=,F90wUgII7N8nm1/kCGFw52ip3YQ=
-211,178,uawayLcEfPXoNZadviOq3qdmFhQ=,3uXO4Q6J1at1WoOAVeTdyXpVloc=
-215,179,uawayLcEfPXoNZadviOq3qdmFhQ=,3uXO4Q6J1at1WoOAVeTdyXpVloc=
-214,180,uawayLcEfPXoNZadviOq3qdmFhQ=,3uXO4Q6J1at1WoOAVeTdyXpVloc=
-212,178,uawayLcEfPXoNZadviOq3qdmFhQ=,3uXO4Q6J1at1WoOAVeTdyXpVloc=
-213,180,uawayLcEfPXoNZadviOq3qdmFhQ=,3uXO4Q6J1at1WoOAVeTdyXpVloc=
-212,180,uawayLcEfPXoNZadviOq3qdmFhQ=,3uXO4Q6J1at1WoOAVeTdyXpVloc=
-213,178,uawayLcEfPXoNZadviOq3qdmFhQ=,3uXO4Q6J1at1WoOAVeTdyXpVloc=
-217,178,uawayLcEfPXoNZadviOq3qdmFhQ=,F90wUgII7N8nm1/kCGFw52ip3YQ=
-217,182,uawayLcEfPXoNZadviOq3qdmFhQ=,F90wUgII7N8nm1/kCGFw52ip3YQ=
-214,178,uawayLcEfPXoNZadviOq3qdmFhQ=,3uXO4Q6J1at1WoOAVeTdyXpVloc=
-215,178,uawayLcEfPXoNZadviOq3qdmFhQ=,3uXO4Q6J1at1WoOAVeTdyXpVloc=
-211,180,uawayLcEfPXoNZadviOq3qdmFhQ=,3uXO4Q6J1at1WoOAVeTdyXpVloc=
-210,180,uawayLcEfPXoNZadviOq3qdmFhQ=,3uXO4Q6J1at1WoOAVeTdyXpVloc=
-216,178,uawayLcEfPXoNZadviOq3qdmFhQ=,3uXO4Q6J1at1WoOAVeTdyXpVloc=
-210,178,uawayLcEfPXoNZadviOq3qdmFhQ=,3uXO4Q6J1at1WoOAVeTdyXpVloc=
-209,180,uawayLcEfPXoNZadviOq3qdmFhQ=,3uXO4Q6J1at1WoOAVeTdyXpVloc=
-210,177,uawayLcEfPXoNZadviOq3qdmFhQ=,3uXO4Q6J1at1WoOAVeTdyXpVloc=
-217,179,uawayLcEfPXoNZadviOq3qdmFhQ=,F90wUgII7N8nm1/kCGFw52ip3YQ=
-209,177,uawayLcEfPXoNZadviOq3qdmFhQ=,3uXO4Q6J1at1WoOAVeTdyXpVloc=
-216,177,uawayLcEfPXoNZadviOq3qdmFhQ=,3uXO4Q6J1at1WoOAVeTdyXpVloc=
-211,177,uawayLcEfPXoNZadviOq3qdmFhQ=,3uXO4Q6J1at1WoOAVeTdyXpVloc=
-209,182,uawayLcEfPXoNZadviOq3qdmFhQ=,3uXO4Q6J1at1WoOAVeTdyXpVloc=
-216,181,uawayLcEfPXoNZadviOq3qdmFhQ=,3uXO4Q6J1at1WoOAVeTdyXpVloc=
-215,177,uawayLcEfPXoNZadviOq3qdmFhQ=,3uXO4Q6J1at1WoOAVeTdyXpVloc=
-215,181,uawayLcEfPXoNZadviOq3qdmFhQ=,3uXO4Q6J1at1WoOAVeTdyXpVloc=
-214,177,uawayLcEfPXoNZadviOq3qdmFhQ=,3uXO4Q6J1at1WoOAVeTdyXpVloc=
-213,182,uawayLcEfPXoNZadviOq3qdmFhQ=,3uXO4Q6J1at1WoOAVeTdyXpVloc=
-211,182,uawayLcEfPXoNZadviOq3qdmFhQ=,3uXO4Q6J1at1WoOAVeTdyXpVloc=
-212,182,uawayLcEfPXoNZadviOq3qdmFhQ=,3uXO4Q6J1at1WoOAVeTdyXpVloc=
-213,181,uawayLcEfPXoNZadviOq3qdmFhQ=,3uXO4Q6J1at1WoOAVeTdyXpVloc=
-214,181,uawayLcEfPXoNZadviOq3qdmFhQ=,3uXO4Q6J1at1WoOAVeTdyXpVloc=
-217,180,uawayLcEfPXoNZadviOq3qdmFhQ=,F90wUgII7N8nm1/kCGFw52ip3YQ=
-210,182,uawayLcEfPXoNZadviOq3qdmFhQ=,3uXO4Q6J1at1WoOAVeTdyXpVloc=
-214,182,uawayLcEfPXoNZadviOq3qdmFhQ=,3uXO4Q6J1at1WoOAVeTdyXpVloc=
-212,181,uawayLcEfPXoNZadviOq3qdmFhQ=,3uXO4Q6J1at1WoOAVeTdyXpVloc=
-211,181,uawayLcEfPXoNZadviOq3qdmFhQ=,3uXO4Q6J1at1WoOAVeTdyXpVloc=
-212,177,uawayLcEfPXoNZadviOq3qdmFhQ=,3uXO4Q6J1at1WoOAVeTdyXpVloc=
-210,181,uawayLcEfPXoNZadviOq3qdmFhQ=,3uXO4Q6J1at1WoOAVeTdyXpVloc=
-209,181,uawayLcEfPXoNZadviOq3qdmFhQ=,3uXO4Q6J1at1WoOAVeTdyXpVloc=
-217,177,uawayLcEfPXoNZadviOq3qdmFhQ=,F90wUgII7N8nm1/kCGFw52ip3YQ=
-215,182,uawayLcEfPXoNZadviOq3qdmFhQ=,3uXO4Q6J1at1WoOAVeTdyXpVloc=
-216,182,uawayLcEfPXoNZadviOq3qdmFhQ=,3uXO4Q6J1at1WoOAVeTdyXpVloc=
-213,177,uawayLcEfPXoNZadviOq3qdmFhQ=,3uXO4Q6J1at1WoOAVeTdyXpVloc=
-212,176,uawayLcEfPXoNZadviOq3qdmFhQ=,3uXO4Q6J1at1WoOAVeTdyXpVloc=
-213,176,uawayLcEfPXoNZadviOq3qdmFhQ=,3uXO4Q6J1at1WoOAVeTdyXpVloc=
-211,176,uawayLcEfPXoNZadviOq3qdmFhQ=,3uXO4Q6J1at1WoOAVeTdyXpVloc=
-210,176,uawayLcEfPXoNZadviOq3qdmFhQ=,3uXO4Q6J1at1WoOAVeTdyXpVloc=
-214,176,uawayLcEfPXoNZadviOq3qdmFhQ=,3uXO4Q6J1at1WoOAVeTdyXpVloc=
-222,176,uawayLcEfPXoNZadviOq3qdmFhQ=,F90wUgII7N8nm1/kCGFw52ip3YQ=
-215,176,uawayLcEfPXoNZadviOq3qdmFhQ=,3uXO4Q6J1at1WoOAVeTdyXpVloc=
-223,176,uawayLcEfPXoNZadviOq3qdmFhQ=,F90wUgII7N8nm1/kCGFw52ip3YQ=
-221,176,uawayLcEfPXoNZadviOq3qdmFhQ=,F90wUgII7N8nm1/kCGFw52ip3YQ=
-220,176,uawayLcEfPXoNZadviOq3qdmFhQ=,F90wUgII7N8nm1/kCGFw52ip3YQ=
-217,176,uawayLcEfPXoNZadviOq3qdmFhQ=,F90wUgII7N8nm1/kCGFw52ip3YQ=
-218,176,uawayLcEfPXoNZadviOq3qdmFhQ=,F90wUgII7N8nm1/kCGFw52ip3YQ=
-216,176,uawayLcEfPXoNZadviOq3qdmFhQ=,3uXO4Q6J1at1WoOAVeTdyXpVloc=
-224,179,uawayLcEfPXoNZadviOq3qdmFhQ=,F90wUgII7N8nm1/kCGFw52ip3YQ=
-219,176,uawayLcEfPXoNZadviOq3qdmFhQ=,F90wUgII7N8nm1/kCGFw52ip3YQ=
-224,182,uawayLcEfPXoNZadviOq3qdmFhQ=,F90wUgII7N8nm1/kCGFw52ip3YQ=
-224,178,uawayLcEfPXoNZadviOq3qdmFhQ=,F90wUgII7N8nm1/kCGFw52ip3YQ=
-224,181,uawayLcEfPXoNZadviOq3qdmFhQ=,F90wUgII7N8nm1/kCGFw52ip3YQ=
-224,180,uawayLcEfPXoNZadviOq3qdmFhQ=,F90wUgII7N8nm1/kCGFw52ip3YQ=
-220,191,uawayLcEfPXoNZadviOq3qdmFhQ=,dYpSRPIhgLnW+modUFFL5UDTa0Q=
-219,191,uawayLcEfPXoNZadviOq3qdmFhQ=,dYpSRPIhgLnW+modUFFL5UDTa0Q=
-224,177,uawayLcEfPXoNZadviOq3qdmFhQ=,F90wUgII7N8nm1/kCGFw52ip3YQ=
-220,183,uawayLcEfPXoNZadviOq3qdmFhQ=,F90wUgII7N8nm1/kCGFw52ip3YQ=
-219,183,uawayLcEfPXoNZadviOq3qdmFhQ=,F90wUgII7N8nm1/kCGFw52ip3YQ=
-221,191,uawayLcEfPXoNZadviOq3qdmFhQ=,dYpSRPIhgLnW+modUFFL5UDTa0Q=
-218,191,uawayLcEfPXoNZadviOq3qdmFhQ=,dYpSRPIhgLnW+modUFFL5UDTa0Q=
-221,183,uawayLcEfPXoNZadviOq3qdmFhQ=,F90wUgII7N8nm1/kCGFw52ip3YQ=
-218,183,uawayLcEfPXoNZadviOq3qdmFhQ=,F90wUgII7N8nm1/kCGFw52ip3YQ=
-223,191,uawayLcEfPXoNZadviOq3qdmFhQ=,dYpSRPIhgLnW+modUFFL5UDTa0Q=
-224,184,uawayLcEfPXoNZadviOq3qdmFhQ=,dYpSRPIhgLnW+modUFFL5UDTa0Q=
-222,191,uawayLcEfPXoNZadviOq3qdmFhQ=,dYpSRPIhgLnW+modUFFL5UDTa0Q=
-224,191,uawayLcEfPXoNZadviOq3qdmFhQ=,dYpSRPIhgLnW+modUFFL5UDTa0Q=
-222,184,uawayLcEfPXoNZadviOq3qdmFhQ=,dYpSRPIhgLnW+modUFFL5UDTa0Q=
-221,184,uawayLcEfPXoNZadviOq3qdmFhQ=,dYpSRPIhgLnW+modUFFL5UDTa0Q=
-220,184,uawayLcEfPXoNZadviOq3qdmFhQ=,dYpSRPIhgLnW+modUFFL5UDTa0Q=
-223,184,uawayLcEfPXoNZadviOq3qdmFhQ=,dYpSRPIhgLnW+modUFFL5UDTa0Q=
-219,184,uawayLcEfPXoNZadviOq3qdmFhQ=,dYpSRPIhgLnW+modUFFL5UDTa0Q=
-218,190,uawayLcEfPXoNZadviOq3qdmFhQ=,dYpSRPIhgLnW+modUFFL5UDTa0Q=
-218,184,uawayLcEfPXoNZadviOq3qdmFhQ=,dYpSRPIhgLnW+modUFFL5UDTa0Q=
-224,185,uawayLcEfPXoNZadviOq3qdmFhQ=,dYpSRPIhgLnW+modUFFL5UDTa0Q=
-220,190,uawayLcEfPXoNZadviOq3qdmFhQ=,dYpSRPIhgLnW+modUFFL5UDTa0Q=
-223,185,uawayLcEfPXoNZadviOq3qdmFhQ=,dYpSRPIhgLnW+modUFFL5UDTa0Q=
-221,190,uawayLcEfPXoNZadviOq3qdmFhQ=,dYpSRPIhgLnW+modUFFL5UDTa0Q=
-219,190,uawayLcEfPXoNZadviOq3qdmFhQ=,dYpSRPIhgLnW+modUFFL5UDTa0Q=
-222,185,uawayLcEfPXoNZadviOq3qdmFhQ=,dYpSRPIhgLnW+modUFFL5UDTa0Q=
-222,183,uawayLcEfPXoNZadviOq3qdmFhQ=,F90wUgII7N8nm1/kCGFw52ip3YQ=
-221,185,uawayLcEfPXoNZadviOq3qdmFhQ=,dYpSRPIhgLnW+modUFFL5UDTa0Q=
-223,190,uawayLcEfPXoNZadviOq3qdmFhQ=,dYpSRPIhgLnW+modUFFL5UDTa0Q=
-218,189,uawayLcEfPXoNZadviOq3qdmFhQ=,dYpSRPIhgLnW+modUFFL5UDTa0Q=
-222,190,uawayLcEfPXoNZadviOq3qdmFhQ=,dYpSRPIhgLnW+modUFFL5UDTa0Q=
-219,189,uawayLcEfPXoNZadviOq3qdmFhQ=,dYpSRPIhgLnW+modUFFL5UDTa0Q=
-221,189,uawayLcEfPXoNZadviOq3qdmFhQ=,dYpSRPIhgLnW+modUFFL5UDTa0Q=
-220,189,uawayLcEfPXoNZadviOq3qdmFhQ=,dYpSRPIhgLnW+modUFFL5UDTa0Q=
-220,185,uawayLcEfPXoNZadviOq3qdmFhQ=,dYpSRPIhgLnW+modUFFL5UDTa0Q=
-224,189,uawayLcEfPXoNZadviOq3qdmFhQ=,dYpSRPIhgLnW+modUFFL5UDTa0Q=
-224,190,uawayLcEfPXoNZadviOq3qdmFhQ=,dYpSRPIhgLnW+modUFFL5UDTa0Q=
-223,183,uawayLcEfPXoNZadviOq3qdmFhQ=,F90wUgII7N8nm1/kCGFw52ip3YQ=
-219,185,uawayLcEfPXoNZadviOq3qdmFhQ=,dYpSRPIhgLnW+modUFFL5UDTa0Q=
-219,188,uawayLcEfPXoNZadviOq3qdmFhQ=,dYpSRPIhgLnW+modUFFL5UDTa0Q=
-218,188,uawayLcEfPXoNZadviOq3qdmFhQ=,dYpSRPIhgLnW+modUFFL5UDTa0Q=
-222,189,uawayLcEfPXoNZadviOq3qdmFhQ=,dYpSRPIhgLnW+modUFFL5UDTa0Q=
-220,188,uawayLcEfPXoNZadviOq3qdmFhQ=,dYpSRPIhgLnW+modUFFL5UDTa0Q=
-223,189,uawayLcEfPXoNZadviOq3qdmFhQ=,dYpSRPIhgLnW+modUFFL5UDTa0Q=
-218,185,uawayLcEfPXoNZadviOq3qdmFhQ=,dYpSRPIhgLnW+modUFFL5UDTa0Q=
-224,186,uawayLcEfPXoNZadviOq3qdmFhQ=,dYpSRPIhgLnW+modUFFL5UDTa0Q=
-223,188,uawayLcEfPXoNZadviOq3qdmFhQ=,dYpSRPIhgLnW+modUFFL5UDTa0Q=
-221,188,uawayLcEfPXoNZadviOq3qdmFhQ=,dYpSRPIhgLnW+modUFFL5UDTa0Q=
-222,188,uawayLcEfPXoNZadviOq3qdmFhQ=,dYpSRPIhgLnW+modUFFL5UDTa0Q=
-223,186,uawayLcEfPXoNZadviOq3qdmFhQ=,dYpSRPIhgLnW+modUFFL5UDTa0Q=
-224,188,uawayLcEfPXoNZadviOq3qdmFhQ=,dYpSRPIhgLnW+modUFFL5UDTa0Q=
-224,183,uawayLcEfPXoNZadviOq3qdmFhQ=,F90wUgII7N8nm1/kCGFw52ip3YQ=
-219,187,uawayLcEfPXoNZadviOq3qdmFhQ=,dYpSRPIhgLnW+modUFFL5UDTa0Q=
-218,187,uawayLcEfPXoNZadviOq3qdmFhQ=,dYpSRPIhgLnW+modUFFL5UDTa0Q=
-221,187,uawayLcEfPXoNZadviOq3qdmFhQ=,dYpSRPIhgLnW+modUFFL5UDTa0Q=
-222,186,uawayLcEfPXoNZadviOq3qdmFhQ=,dYpSRPIhgLnW+modUFFL5UDTa0Q=
-221,186,uawayLcEfPXoNZadviOq3qdmFhQ=,dYpSRPIhgLnW+modUFFL5UDTa0Q=
-223,187,uawayLcEfPXoNZadviOq3qdmFhQ=,dYpSRPIhgLnW+modUFFL5UDTa0Q=
-220,186,uawayLcEfPXoNZadviOq3qdmFhQ=,dYpSRPIhgLnW+modUFFL5UDTa0Q=
-222,187,uawayLcEfPXoNZadviOq3qdmFhQ=,dYpSRPIhgLnW+modUFFL5UDTa0Q=
-224,187,uawayLcEfPXoNZadviOq3qdmFhQ=,dYpSRPIhgLnW+modUFFL5UDTa0Q=
-219,186,uawayLcEfPXoNZadviOq3qdmFhQ=,dYpSRPIhgLnW+modUFFL5UDTa0Q=
-220,187,uawayLcEfPXoNZadviOq3qdmFhQ=,dYpSRPIhgLnW+modUFFL5UDTa0Q=
-224,176,uawayLcEfPXoNZadviOq3qdmFhQ=,F90wUgII7N8nm1/kCGFw52ip3YQ=
-218,186,uawayLcEfPXoNZadviOq3qdmFhQ=,dYpSRPIhgLnW+modUFFL5UDTa0Q=
-209,176,uawayLcEfPXoNZadviOq3qdmFhQ=,3uXO4Q6J1at1WoOAVeTdyXpVloc=
-209,183,uawayLcEfPXoNZadviOq3qdmFhQ=,3uXO4Q6J1at1WoOAVeTdyXpVloc=
-213,189,uawayLcEfPXoNZadviOq3qdmFhQ=,GXGOZubqbxF+dY3aXb0bwsEI7GI=
-211,183,uawayLcEfPXoNZadviOq3qdmFhQ=,3uXO4Q6J1at1WoOAVeTdyXpVloc=
-212,189,uawayLcEfPXoNZadviOq3qdmFhQ=,GXGOZubqbxF+dY3aXb0bwsEI7GI=
-210,183,uawayLcEfPXoNZadviOq3qdmFhQ=,3uXO4Q6J1at1WoOAVeTdyXpVloc=
-214,189,uawayLcEfPXoNZadviOq3qdmFhQ=,GXGOZubqbxF+dY3aXb0bwsEI7GI=
-217,191,uawayLcEfPXoNZadviOq3qdmFhQ=,dYpSRPIhgLnW+modUFFL5UDTa0Q=
-217,183,uawayLcEfPXoNZadviOq3qdmFhQ=,F90wUgII7N8nm1/kCGFw52ip3YQ=
-215,189,uawayLcEfPXoNZadviOq3qdmFhQ=,GXGOZubqbxF+dY3aXb0bwsEI7GI=
-210,189,uawayLcEfPXoNZadviOq3qdmFhQ=,GXGOZubqbxF+dY3aXb0bwsEI7GI=
-211,189,uawayLcEfPXoNZadviOq3qdmFhQ=,GXGOZubqbxF+dY3aXb0bwsEI7GI=
-212,183,uawayLcEfPXoNZadviOq3qdmFhQ=,3uXO4Q6J1at1WoOAVeTdyXpVloc=
-216,184,uawayLcEfPXoNZadviOq3qdmFhQ=,GXGOZubqbxF+dY3aXb0bwsEI7GI=
-213,183,uawayLcEfPXoNZadviOq3qdmFhQ=,3uXO4Q6J1at1WoOAVeTdyXpVloc=
-214,183,uawayLcEfPXoNZadviOq3qdmFhQ=,3uXO4Q6J1at1WoOAVeTdyXpVloc=
-214,184,uawayLcEfPXoNZadviOq3qdmFhQ=,GXGOZubqbxF+dY3aXb0bwsEI7GI=
-215,184,uawayLcEfPXoNZadviOq3qdmFhQ=,GXGOZubqbxF+dY3aXb0bwsEI7GI=
-215,183,uawayLcEfPXoNZadviOq3qdmFhQ=,3uXO4Q6J1at1WoOAVeTdyXpVloc=
-213,184,uawayLcEfPXoNZadviOq3qdmFhQ=,GXGOZubqbxF+dY3aXb0bwsEI7GI=
-209,188,uawayLcEfPXoNZadviOq3qdmFhQ=,GXGOZubqbxF+dY3aXb0bwsEI7GI=
-209,189,uawayLcEfPXoNZadviOq3qdmFhQ=,GXGOZubqbxF+dY3aXb0bwsEI7GI=
-216,189,uawayLcEfPXoNZadviOq3qdmFhQ=,GXGOZubqbxF+dY3aXb0bwsEI7GI=
-217,184,uawayLcEfPXoNZadviOq3qdmFhQ=,dYpSRPIhgLnW+modUFFL5UDTa0Q=
-216,190,uawayLcEfPXoNZadviOq3qdmFhQ=,GXGOZubqbxF+dY3aXb0bwsEI7GI=
-216,183,uawayLcEfPXoNZadviOq3qdmFhQ=,3uXO4Q6J1at1WoOAVeTdyXpVloc=
-211,188,uawayLcEfPXoNZadviOq3qdmFhQ=,GXGOZubqbxF+dY3aXb0bwsEI7GI=
-212,188,uawayLcEfPXoNZadviOq3qdmFhQ=,GXGOZubqbxF+dY3aXb0bwsEI7GI=
-210,188,uawayLcEfPXoNZadviOq3qdmFhQ=,GXGOZubqbxF+dY3aXb0bwsEI7GI=
-215,190,uawayLcEfPXoNZadviOq3qdmFhQ=,GXGOZubqbxF+dY3aXb0bwsEI7GI=
-213,190,uawayLcEfPXoNZadviOq3qdmFhQ=,GXGOZubqbxF+dY3aXb0bwsEI7GI=
-214,190,uawayLcEfPXoNZadviOq3qdmFhQ=,GXGOZubqbxF+dY3aXb0bwsEI7GI=
-217,190,uawayLcEfPXoNZadviOq3qdmFhQ=,dYpSRPIhgLnW+modUFFL5UDTa0Q=
-213,188,uawayLcEfPXoNZadviOq3qdmFhQ=,GXGOZubqbxF+dY3aXb0bwsEI7GI=
-214,188,uawayLcEfPXoNZadviOq3qdmFhQ=,GXGOZubqbxF+dY3aXb0bwsEI7GI=
-212,190,uawayLcEfPXoNZadviOq3qdmFhQ=,GXGOZubqbxF+dY3aXb0bwsEI7GI=
-215,188,uawayLcEfPXoNZadviOq3qdmFhQ=,GXGOZubqbxF+dY3aXb0bwsEI7GI=
-217,189,uawayLcEfPXoNZadviOq3qdmFhQ=,dYpSRPIhgLnW+modUFFL5UDTa0Q=
-212,184,uawayLcEfPXoNZadviOq3qdmFhQ=,GXGOZubqbxF+dY3aXb0bwsEI7GI=
-216,188,uawayLcEfPXoNZadviOq3qdmFhQ=,GXGOZubqbxF+dY3aXb0bwsEI7GI=
-209,187,uawayLcEfPXoNZadviOq3qdmFhQ=,GXGOZubqbxF+dY3aXb0bwsEI7GI=
-211,184,uawayLcEfPXoNZadviOq3qdmFhQ=,GXGOZubqbxF+dY3aXb0bwsEI7GI=
-217,188,uawayLcEfPXoNZadviOq3qdmFhQ=,dYpSRPIhgLnW+modUFFL5UDTa0Q=
-210,187,uawayLcEfPXoNZadviOq3qdmFhQ=,GXGOZubqbxF+dY3aXb0bwsEI7GI=
-211,187,uawayLcEfPXoNZadviOq3qdmFhQ=,GXGOZubqbxF+dY3aXb0bwsEI7GI=
-211,190,uawayLcEfPXoNZadviOq3qdmFhQ=,GXGOZubqbxF+dY3aXb0bwsEI7GI=
-217,187,uawayLcEfPXoNZadviOq3qdmFhQ=,dYpSRPIhgLnW+modUFFL5UDTa0Q=
-210,184,uawayLcEfPXoNZadviOq3qdmFhQ=,GXGOZubqbxF+dY3aXb0bwsEI7GI=
-215,187,uawayLcEfPXoNZadviOq3qdmFhQ=,GXGOZubqbxF+dY3aXb0bwsEI7GI=
-214,187,uawayLcEfPXoNZadviOq3qdmFhQ=,GXGOZubqbxF+dY3aXb0bwsEI7GI=
-213,187,uawayLcEfPXoNZadviOq3qdmFhQ=,GXGOZubqbxF+dY3aXb0bwsEI7GI=
-209,186,uawayLcEfPXoNZadviOq3qdmFhQ=,GXGOZubqbxF+dY3aXb0bwsEI7GI=
-216,185,uawayLcEfPXoNZadviOq3qdmFhQ=,GXGOZubqbxF+dY3aXb0bwsEI7GI=
-211,186,uawayLcEfPXoNZadviOq3qdmFhQ=,GXGOZubqbxF+dY3aXb0bwsEI7GI=
-210,186,uawayLcEfPXoNZadviOq3qdmFhQ=,GXGOZubqbxF+dY3aXb0bwsEI7GI=
-212,187,uawayLcEfPXoNZadviOq3qdmFhQ=,GXGOZubqbxF+dY3aXb0bwsEI7GI=
-210,190,uawayLcEfPXoNZadviOq3qdmFhQ=,GXGOZubqbxF+dY3aXb0bwsEI7GI=
-209,184,uawayLcEfPXoNZadviOq3qdmFhQ=,GXGOZubqbxF+dY3aXb0bwsEI7GI=
-213,186,uawayLcEfPXoNZadviOq3qdmFhQ=,GXGOZubqbxF+dY3aXb0bwsEI7GI=
-209,190,uawayLcEfPXoNZadviOq3qdmFhQ=,GXGOZubqbxF+dY3aXb0bwsEI7GI=
-215,186,uawayLcEfPXoNZadviOq3qdmFhQ=,GXGOZubqbxF+dY3aXb0bwsEI7GI=
-212,186,uawayLcEfPXoNZadviOq3qdmFhQ=,GXGOZubqbxF+dY3aXb0bwsEI7GI=
-215,185,uawayLcEfPXoNZadviOq3qdmFhQ=,GXGOZubqbxF+dY3aXb0bwsEI7GI=
-216,191,uawayLcEfPXoNZadviOq3qdmFhQ=,GXGOZubqbxF+dY3aXb0bwsEI7GI=
-214,185,uawayLcEfPXoNZadviOq3qdmFhQ=,GXGOZubqbxF+dY3aXb0bwsEI7GI=
-214,186,uawayLcEfPXoNZadviOq3qdmFhQ=,GXGOZubqbxF+dY3aXb0bwsEI7GI=
-209,185,uawayLcEfPXoNZadviOq3qdmFhQ=,GXGOZubqbxF+dY3aXb0bwsEI7GI=
-217,186,uawayLcEfPXoNZadviOq3qdmFhQ=,dYpSRPIhgLnW+modUFFL5UDTa0Q=
-217,185,uawayLcEfPXoNZadviOq3qdmFhQ=,dYpSRPIhgLnW+modUFFL5UDTa0Q=
-216,187,uawayLcEfPXoNZadviOq3qdmFhQ=,GXGOZubqbxF+dY3aXb0bwsEI7GI=
-215,191,uawayLcEfPXoNZadviOq3qdmFhQ=,GXGOZubqbxF+dY3aXb0bwsEI7GI=
-210,191,uawayLcEfPXoNZadviOq3qdmFhQ=,GXGOZubqbxF+dY3aXb0bwsEI7GI=
-209,191,uawayLcEfPXoNZadviOq3qdmFhQ=,GXGOZubqbxF+dY3aXb0bwsEI7GI=
-210,185,uawayLcEfPXoNZadviOq3qdmFhQ=,GXGOZubqbxF+dY3aXb0bwsEI7GI=
-214,191,uawayLcEfPXoNZadviOq3qdmFhQ=,GXGOZubqbxF+dY3aXb0bwsEI7GI=
-213,191,uawayLcEfPXoNZadviOq3qdmFhQ=,GXGOZubqbxF+dY3aXb0bwsEI7GI=
-212,185,uawayLcEfPXoNZadviOq3qdmFhQ=,GXGOZubqbxF+dY3aXb0bwsEI7GI=
-211,185,uawayLcEfPXoNZadviOq3qdmFhQ=,GXGOZubqbxF+dY3aXb0bwsEI7GI=
-212,191,uawayLcEfPXoNZadviOq3qdmFhQ=,GXGOZubqbxF+dY3aXb0bwsEI7GI=
-211,191,uawayLcEfPXoNZadviOq3qdmFhQ=,GXGOZubqbxF+dY3aXb0bwsEI7GI=
-213,185,uawayLcEfPXoNZadviOq3qdmFhQ=,GXGOZubqbxF+dY3aXb0bwsEI7GI=
-216,186,uawayLcEfPXoNZadviOq3qdmFhQ=,GXGOZubqbxF+dY3aXb0bwsEI7GI=
-199,179,NR9EzLTVAUvHj8YQJ3mTU3bVs+Q=,JqDO8vVxKpF1Woi/vSKLHv3BAF8=
-194,178,NR9EzLTVAUvHj8YQJ3mTU3bVs+Q=,JqDO8vVxKpF1Woi/vSKLHv3BAF8=
-195,178,NR9EzLTVAUvHj8YQJ3mTU3bVs+Q=,JqDO8vVxKpF1Woi/vSKLHv3BAF8=
-197,179,NR9EzLTVAUvHj8YQJ3mTU3bVs+Q=,JqDO8vVxKpF1Woi/vSKLHv3BAF8=
-198,179,NR9EzLTVAUvHj8YQJ3mTU3bVs+Q=,JqDO8vVxKpF1Woi/vSKLHv3BAF8=
-197,178,NR9EzLTVAUvHj8YQJ3mTU3bVs+Q=,JqDO8vVxKpF1Woi/vSKLHv3BAF8=
-196,178,NR9EzLTVAUvHj8YQJ3mTU3bVs+Q=,JqDO8vVxKpF1Woi/vSKLHv3BAF8=
-198,178,NR9EzLTVAUvHj8YQJ3mTU3bVs+Q=,JqDO8vVxKpF1Woi/vSKLHv3BAF8=
-194,177,NR9EzLTVAUvHj8YQJ3mTU3bVs+Q=,JqDO8vVxKpF1Woi/vSKLHv3BAF8=
-199,178,FApgx/YelW14eqtk5ajHn0dPH+A=,JqDO8vVxKpF1Woi/vSKLHv3BAF8=
-196,177,FApgx/YelW14eqtk5ajHn0dPH+A=,JqDO8vVxKpF1Woi/vSKLHv3BAF8=
-198,177,FApgx/YelW14eqtk5ajHn0dPH+A=,JqDO8vVxKpF1Woi/vSKLHv3BAF8=
-196,179,FApgx/YelW14eqtk5ajHn0dPH+A=,JqDO8vVxKpF1Woi/vSKLHv3BAF8=
-199,177,FApgx/YelW14eqtk5ajHn0dPH+A=,JqDO8vVxKpF1Woi/vSKLHv3BAF8=
-197,177,FApgx/YelW14eqtk5ajHn0dPH+A=,JqDO8vVxKpF1Woi/vSKLHv3BAF8=
-195,182,FApgx/YelW14eqtk5ajHn0dPH+A=,JqDO8vVxKpF1Woi/vSKLHv3BAF8=
-194,182,FApgx/YelW14eqtk5ajHn0dPH+A=,JqDO8vVxKpF1Woi/vSKLHv3BAF8=
-195,177,FApgx/YelW14eqtk5ajHn0dPH+A=,JqDO8vVxKpF1Woi/vSKLHv3BAF8=
-198,182,FApgx/YelW14eqtk5ajHn0dPH+A=,JqDO8vVxKpF1Woi/vSKLHv3BAF8=
-199,182,FApgx/YelW14eqtk5ajHn0dPH+A=,JqDO8vVxKpF1Woi/vSKLHv3BAF8=
-197,182,FApgx/YelW14eqtk5ajHn0dPH+A=,JqDO8vVxKpF1Woi/vSKLHv3BAF8=
-196,182,FApgx/YelW14eqtk5ajHn0dPH+A=,JqDO8vVxKpF1Woi/vSKLHv3BAF8=
-196,181,FApgx/YelW14eqtk5ajHn0dPH+A=,JqDO8vVxKpF1Woi/vSKLHv3BAF8=
-195,181,FApgx/YelW14eqtk5ajHn0dPH+A=,JqDO8vVxKpF1Woi/vSKLHv3BAF8=
-195,179,FApgx/YelW14eqtk5ajHn0dPH+A=,JqDO8vVxKpF1Woi/vSKLHv3BAF8=
-194,180,FApgx/YelW14eqtk5ajHn0dPH+A=,JqDO8vVxKpF1Woi/vSKLHv3BAF8=
-198,181,FApgx/YelW14eqtk5ajHn0dPH+A=,JqDO8vVxKpF1Woi/vSKLHv3BAF8=
-197,181,FApgx/YelW14eqtk5ajHn0dPH+A=,JqDO8vVxKpF1Woi/vSKLHv3BAF8=
-196,180,FApgx/YelW14eqtk5ajHn0dPH+A=,JqDO8vVxKpF1Woi/vSKLHv3BAF8=
-194,181,FApgx/YelW14eqtk5ajHn0dPH+A=,JqDO8vVxKpF1Woi/vSKLHv3BAF8=
-198,180,FApgx/YelW14eqtk5ajHn0dPH+A=,JqDO8vVxKpF1Woi/vSKLHv3BAF8=
-199,180,FApgx/YelW14eqtk5ajHn0dPH+A=,JqDO8vVxKpF1Woi/vSKLHv3BAF8=
-199,181,FApgx/YelW14eqtk5ajHn0dPH+A=,JqDO8vVxKpF1Woi/vSKLHv3BAF8=
-197,180,FApgx/YelW14eqtk5ajHn0dPH+A=,JqDO8vVxKpF1Woi/vSKLHv3BAF8=
-193,182,FApgx/YelW14eqtk5ajHn0dPH+A=,JqDO8vVxKpF1Woi/vSKLHv3BAF8=
-195,180,FApgx/YelW14eqtk5ajHn0dPH+A=,JqDO8vVxKpF1Woi/vSKLHv3BAF8=
-193,178,FApgx/YelW14eqtk5ajHn0dPH+A=,JqDO8vVxKpF1Woi/vSKLHv3BAF8=
-193,177,FApgx/YelW14eqtk5ajHn0dPH+A=,JqDO8vVxKpF1Woi/vSKLHv3BAF8=
-194,179,FApgx/YelW14eqtk5ajHn0dPH+A=,JqDO8vVxKpF1Woi/vSKLHv3BAF8=
-193,179,FApgx/YelW14eqtk5ajHn0dPH+A=,JqDO8vVxKpF1Woi/vSKLHv3BAF8=
-193,180,FApgx/YelW14eqtk5ajHn0dPH+A=,JqDO8vVxKpF1Woi/vSKLHv3BAF8=
-193,181,FApgx/YelW14eqtk5ajHn0dPH+A=,JqDO8vVxKpF1Woi/vSKLHv3BAF8=
-203,182,FApgx/YelW14eqtk5ajHn0dPH+A=,Dw2O6hNLlFt71tERLtJYzpVqF0w=
-200,179,FApgx/YelW14eqtk5ajHn0dPH+A=,JqDO8vVxKpF1Woi/vSKLHv3BAF8=
-204,181,FApgx/YelW14eqtk5ajHn0dPH+A=,Dw2O6hNLlFt71tERLtJYzpVqF0w=
-203,181,FApgx/YelW14eqtk5ajHn0dPH+A=,Dw2O6hNLlFt71tERLtJYzpVqF0w=
-205,181,FApgx/YelW14eqtk5ajHn0dPH+A=,Dw2O6hNLlFt71tERLtJYzpVqF0w=
-200,178,FApgx/YelW14eqtk5ajHn0dPH+A=,JqDO8vVxKpF1Woi/vSKLHv3BAF8=
-201,180,FApgx/YelW14eqtk5ajHn0dPH+A=,Dw2O6hNLlFt71tERLtJYzpVqF0w=
-205,179,FApgx/YelW14eqtk5ajHn0dPH+A=,Dw2O6hNLlFt71tERLtJYzpVqF0w=
-200,177,FApgx/YelW14eqtk5ajHn0dPH+A=,JqDO8vVxKpF1Woi/vSKLHv3BAF8=
-204,179,FApgx/YelW14eqtk5ajHn0dPH+A=,Dw2O6hNLlFt71tERLtJYzpVqF0w=
-204,182,FApgx/YelW14eqtk5ajHn0dPH+A=,Dw2O6hNLlFt71tERLtJYzpVqF0w=
-205,182,FApgx/YelW14eqtk5ajHn0dPH+A=,Dw2O6hNLlFt71tERLtJYzpVqF0w=
-207,180,FApgx/YelW14eqtk5ajHn0dPH+A=,Dw2O6hNLlFt71tERLtJYzpVqF0w=
-206,179,FApgx/YelW14eqtk5ajHn0dPH+A=,Dw2O6hNLlFt71tERLtJYzpVqF0w=
-203,180,FApgx/YelW14eqtk5ajHn0dPH+A=,Dw2O6hNLlFt71tERLtJYzpVqF0w=
-202,180,FApgx/YelW14eqtk5ajHn0dPH+A=,Dw2O6hNLlFt71tERLtJYzpVqF0w=
-207,181,FApgx/YelW14eqtk5ajHn0dPH+A=,Dw2O6hNLlFt71tERLtJYzpVqF0w=
-207,179,FApgx/YelW14eqtk5ajHn0dPH+A=,Dw2O6hNLlFt71tERLtJYzpVqF0w=
-205,178,FApgx/YelW14eqtk5ajHn0dPH+A=,Dw2O6hNLlFt71tERLtJYzpVqF0w=
-201,179,FApgx/YelW14eqtk5ajHn0dPH+A=,Dw2O6hNLlFt71tERLtJYzpVqF0w=
-200,182,FApgx/YelW14eqtk5ajHn0dPH+A=,JqDO8vVxKpF1Woi/vSKLHv3BAF8=
-206,181,FApgx/YelW14eqtk5ajHn0dPH+A=,Dw2O6hNLlFt71tERLtJYzpVqF0w=
-206,178,FApgx/YelW14eqtk5ajHn0dPH+A=,Dw2O6hNLlFt71tERLtJYzpVqF0w=
-202,182,FApgx/YelW14eqtk5ajHn0dPH+A=,Dw2O6hNLlFt71tERLtJYzpVqF0w=
-206,182,FApgx/YelW14eqtk5ajHn0dPH+A=,Dw2O6hNLlFt71tERLtJYzpVqF0w=
-200,180,FApgx/YelW14eqtk5ajHn0dPH+A=,JqDO8vVxKpF1Woi/vSKLHv3BAF8=
-202,179,FApgx/YelW14eqtk5ajHn0dPH+A=,Dw2O6hNLlFt71tERLtJYzpVqF0w=
-206,180,FApgx/YelW14eqtk5ajHn0dPH+A=,Dw2O6hNLlFt71tERLtJYzpVqF0w=
-204,178,FApgx/YelW14eqtk5ajHn0dPH+A=,Dw2O6hNLlFt71tERLtJYzpVqF0w=
-202,181,FApgx/YelW14eqtk5ajHn0dPH+A=,Dw2O6hNLlFt71tERLtJYzpVqF0w=
-203,178,FApgx/YelW14eqtk5ajHn0dPH+A=,Dw2O6hNLlFt71tERLtJYzpVqF0w=
-201,181,FApgx/YelW14eqtk5ajHn0dPH+A=,Dw2O6hNLlFt71tERLtJYzpVqF0w=
-207,177,FApgx/YelW14eqtk5ajHn0dPH+A=,Dw2O6hNLlFt71tERLtJYzpVqF0w=
-202,178,FApgx/YelW14eqtk5ajHn0dPH+A=,Dw2O6hNLlFt71tERLtJYzpVqF0w=
-200,181,FApgx/YelW14eqtk5ajHn0dPH+A=,JqDO8vVxKpF1Woi/vSKLHv3BAF8=
-207,182,FApgx/YelW14eqtk5ajHn0dPH+A=,Dw2O6hNLlFt71tERLtJYzpVqF0w=
-206,177,FApgx/YelW14eqtk5ajHn0dPH+A=,Dw2O6hNLlFt71tERLtJYzpVqF0w=
-204,177,FApgx/YelW14eqtk5ajHn0dPH+A=,Dw2O6hNLlFt71tERLtJYzpVqF0w=
-201,182,FApgx/YelW14eqtk5ajHn0dPH+A=,Dw2O6hNLlFt71tERLtJYzpVqF0w=
-205,180,FApgx/YelW14eqtk5ajHn0dPH+A=,Dw2O6hNLlFt71tERLtJYzpVqF0w=
-205,177,FApgx/YelW14eqtk5ajHn0dPH+A=,Dw2O6hNLlFt71tERLtJYzpVqF0w=
-204,180,FApgx/YelW14eqtk5ajHn0dPH+A=,Dw2O6hNLlFt71tERLtJYzpVqF0w=
-203,177,FApgx/YelW14eqtk5ajHn0dPH+A=,Dw2O6hNLlFt71tERLtJYzpVqF0w=
-201,177,FApgx/YelW14eqtk5ajHn0dPH+A=,Dw2O6hNLlFt71tERLtJYzpVqF0w=
-202,177,FApgx/YelW14eqtk5ajHn0dPH+A=,Dw2O6hNLlFt71tERLtJYzpVqF0w=
-201,178,FApgx/YelW14eqtk5ajHn0dPH+A=,Dw2O6hNLlFt71tERLtJYzpVqF0w=
-207,178,FApgx/YelW14eqtk5ajHn0dPH+A=,Dw2O6hNLlFt71tERLtJYzpVqF0w=
-203,179,FApgx/YelW14eqtk5ajHn0dPH+A=,Dw2O6hNLlFt71tERLtJYzpVqF0w=
-193,183,FApgx/YelW14eqtk5ajHn0dPH+A=,JqDO8vVxKpF1Woi/vSKLHv3BAF8=
-198,189,FApgx/YelW14eqtk5ajHn0dPH+A=,9Q8mypX1Lz/Ek06sJQIVjOPtJaU=
-197,189,FApgx/YelW14eqtk5ajHn0dPH+A=,9Q8mypX1Lz/Ek06sJQIVjOPtJaU=
-195,183,FApgx/YelW14eqtk5ajHn0dPH+A=,JqDO8vVxKpF1Woi/vSKLHv3BAF8=
-193,188,FApgx/YelW14eqtk5ajHn0dPH+A=,9Q8mypX1Lz/Ek06sJQIVjOPtJaU=
-194,183,FApgx/YelW14eqtk5ajHn0dPH+A=,JqDO8vVxKpF1Woi/vSKLHv3BAF8=
-196,183,FApgx/YelW14eqtk5ajHn0dPH+A=,JqDO8vVxKpF1Woi/vSKLHv3BAF8=
-196,189,FApgx/YelW14eqtk5ajHn0dPH+A=,9Q8mypX1Lz/Ek06sJQIVjOPtJaU=
-194,188,FApgx/YelW14eqtk5ajHn0dPH+A=,9Q8mypX1Lz/Ek06sJQIVjOPtJaU=
-195,188,FApgx/YelW14eqtk5ajHn0dPH+A=,9Q8mypX1Lz/Ek06sJQIVjOPtJaU=
-199,189,FApgx/YelW14eqtk5ajHn0dPH+A=,9Q8mypX1Lz/Ek06sJQIVjOPtJaU=
-196,188,FApgx/YelW14eqtk5ajHn0dPH+A=,9Q8mypX1Lz/Ek06sJQIVjOPtJaU=
-195,189,FApgx/YelW14eqtk5ajHn0dPH+A=,9Q8mypX1Lz/Ek06sJQIVjOPtJaU=
-197,183,FApgx/YelW14eqtk5ajHn0dPH+A=,JqDO8vVxKpF1Woi/vSKLHv3BAF8=
-194,189,FApgx/YelW14eqtk5ajHn0dPH+A=,9Q8mypX1Lz/Ek06sJQIVjOPtJaU=
-198,188,FApgx/YelW14eqtk5ajHn0dPH+A=,9Q8mypX1Lz/Ek06sJQIVjOPtJaU=
-197,188,FApgx/YelW14eqtk5ajHn0dPH+A=,9Q8mypX1Lz/Ek06sJQIVjOPtJaU=
-193,189,FApgx/YelW14eqtk5ajHn0dPH+A=,9Q8mypX1Lz/Ek06sJQIVjOPtJaU=
-199,188,FApgx/YelW14eqtk5ajHn0dPH+A=,9Q8mypX1Lz/Ek06sJQIVjOPtJaU=
-199,184,FApgx/YelW14eqtk5ajHn0dPH+A=,9Q8mypX1Lz/Ek06sJQIVjOPtJaU=
-193,187,FApgx/YelW14eqtk5ajHn0dPH+A=,9Q8mypX1Lz/Ek06sJQIVjOPtJaU=
-199,183,FApgx/YelW14eqtk5ajHn0dPH+A=,JqDO8vVxKpF1Woi/vSKLHv3BAF8=
-198,184,FApgx/YelW14eqtk5ajHn0dPH+A=,9Q8mypX1Lz/Ek06sJQIVjOPtJaU=
-194,187,FApgx/YelW14eqtk5ajHn0dPH+A=,9Q8mypX1Lz/Ek06sJQIVjOPtJaU=
-197,184,FApgx/YelW14eqtk5ajHn0dPH+A=,9Q8mypX1Lz/Ek06sJQIVjOPtJaU=
-198,183,FApgx/YelW14eqtk5ajHn0dPH+A=,JqDO8vVxKpF1Woi/vSKLHv3BAF8=
-196,187,FApgx/YelW14eqtk5ajHn0dPH+A=,9Q8mypX1Lz/Ek06sJQIVjOPtJaU=
-199,190,FApgx/YelW14eqtk5ajHn0dPH+A=,9Q8mypX1Lz/Ek06sJQIVjOPtJaU=
-197,187,FApgx/YelW14eqtk5ajHn0dPH+A=,9Q8mypX1Lz/Ek06sJQIVjOPtJaU=
-198,187,FApgx/YelW14eqtk5ajHn0dPH+A=,9Q8mypX1Lz/Ek06sJQIVjOPtJaU=
-195,187,FApgx/YelW14eqtk5ajHn0dPH+A=,9Q8mypX1Lz/Ek06sJQIVjOPtJaU=
-196,184,FApgx/YelW14eqtk5ajHn0dPH+A=,9Q8mypX1Lz/Ek06sJQIVjOPtJaU=
-195,186,FApgx/YelW14eqtk5ajHn0dPH+A=,9Q8mypX1Lz/Ek06sJQIVjOPtJaU=
-199,187,FApgx/YelW14eqtk5ajHn0dPH+A=,9Q8mypX1Lz/Ek06sJQIVjOPtJaU=
-196,186,FApgx/YelW14eqtk5ajHn0dPH+A=,9Q8mypX1Lz/Ek06sJQIVjOPtJaU=
-199,186,FApgx/YelW14eqtk5ajHn0dPH+A=,9Q8mypX1Lz/Ek06sJQIVjOPtJaU=
-193,186,FApgx/YelW14eqtk5ajHn0dPH+A=,9Q8mypX1Lz/Ek06sJQIVjOPtJaU=
-197,186,FApgx/YelW14eqtk5ajHn0dPH+A=,9Q8mypX1Lz/Ek06sJQIVjOPtJaU=
-198,186,FApgx/YelW14eqtk5ajHn0dPH+A=,9Q8mypX1Lz/Ek06sJQIVjOPtJaU=
-193,190,FApgx/YelW14eqtk5ajHn0dPH+A=,9Q8mypX1Lz/Ek06sJQIVjOPtJaU=
-195,184,FApgx/YelW14eqtk5ajHn0dPH+A=,9Q8mypX1Lz/Ek06sJQIVjOPtJaU=
-194,186,FApgx/YelW14eqtk5ajHn0dPH+A=,9Q8mypX1Lz/Ek06sJQIVjOPtJaU=
-197,185,FApgx/YelW14eqtk5ajHn0dPH+A=,9Q8mypX1Lz/Ek06sJQIVjOPtJaU=
-194,185,FApgx/YelW14eqtk5ajHn0dPH+A=,9Q8mypX1Lz/Ek06sJQIVjOPtJaU=
-196,185,FApgx/YelW14eqtk5ajHn0dPH+A=,9Q8mypX1Lz/Ek06sJQIVjOPtJaU=
-194,184,FApgx/YelW14eqtk5ajHn0dPH+A=,9Q8mypX1Lz/Ek06sJQIVjOPtJaU=
-196,190,FApgx/YelW14eqtk5ajHn0dPH+A=,9Q8mypX1Lz/Ek06sJQIVjOPtJaU=
-193,185,FApgx/YelW14eqtk5ajHn0dPH+A=,9Q8mypX1Lz/Ek06sJQIVjOPtJaU=
-195,185,FApgx/YelW14eqtk5ajHn0dPH+A=,9Q8mypX1Lz/Ek06sJQIVjOPtJaU=
-199,185,FApgx/YelW14eqtk5ajHn0dPH+A=,9Q8mypX1Lz/Ek06sJQIVjOPtJaU=
-195,190,FApgx/YelW14eqtk5ajHn0dPH+A=,9Q8mypX1Lz/Ek06sJQIVjOPtJaU=
-194,190,FApgx/YelW14eqtk5ajHn0dPH+A=,9Q8mypX1Lz/Ek06sJQIVjOPtJaU=
-198,190,FApgx/YelW14eqtk5ajHn0dPH+A=,9Q8mypX1Lz/Ek06sJQIVjOPtJaU=
-193,184,FApgx/YelW14eqtk5ajHn0dPH+A=,9Q8mypX1Lz/Ek06sJQIVjOPtJaU=
-197,190,FApgx/YelW14eqtk5ajHn0dPH+A=,9Q8mypX1Lz/Ek06sJQIVjOPtJaU=
-208,181,FApgx/YelW14eqtk5ajHn0dPH+A=,Dw2O6hNLlFt71tERLtJYzpVqF0w=
-208,178,FApgx/YelW14eqtk5ajHn0dPH+A=,Dw2O6hNLlFt71tERLtJYzpVqF0w=
-208,180,FApgx/YelW14eqtk5ajHn0dPH+A=,Dw2O6hNLlFt71tERLtJYzpVqF0w=
-208,179,FApgx/YelW14eqtk5ajHn0dPH+A=,Dw2O6hNLlFt71tERLtJYzpVqF0w=
-208,182,FApgx/YelW14eqtk5ajHn0dPH+A=,Dw2O6hNLlFt71tERLtJYzpVqF0w=
-208,177,FApgx/YelW14eqtk5ajHn0dPH+A=,Dw2O6hNLlFt71tERLtJYzpVqF0w=
-202,176,FApgx/YelW14eqtk5ajHn0dPH+A=,Dw2O6hNLlFt71tERLtJYzpVqF0w=
-198,185,FApgx/YelW14eqtk5ajHn0dPH+A=,9Q8mypX1Lz/Ek06sJQIVjOPtJaU=
-204,176,FApgx/YelW14eqtk5ajHn0dPH+A=,Dw2O6hNLlFt71tERLtJYzpVqF0w=
-203,176,FApgx/YelW14eqtk5ajHn0dPH+A=,Dw2O6hNLlFt71tERLtJYzpVqF0w=
-207,176,FApgx/YelW14eqtk5ajHn0dPH+A=,Dw2O6hNLlFt71tERLtJYzpVqF0w=
-205,176,FApgx/YelW14eqtk5ajHn0dPH+A=,Dw2O6hNLlFt71tERLtJYzpVqF0w=
-206,176,FApgx/YelW14eqtk5ajHn0dPH+A=,Dw2O6hNLlFt71tERLtJYzpVqF0w=
-193,176,FApgx/YelW14eqtk5ajHn0dPH+A=,JqDO8vVxKpF1Woi/vSKLHv3BAF8=
-201,176,FApgx/YelW14eqtk5ajHn0dPH+A=,Dw2O6hNLlFt71tERLtJYzpVqF0w=
-199,176,FApgx/YelW14eqtk5ajHn0dPH+A=,JqDO8vVxKpF1Woi/vSKLHv3BAF8=
-196,176,FApgx/YelW14eqtk5ajHn0dPH+A=,JqDO8vVxKpF1Woi/vSKLHv3BAF8=
-198,176,FApgx/YelW14eqtk5ajHn0dPH+A=,JqDO8vVxKpF1Woi/vSKLHv3BAF8=
-194,176,FApgx/YelW14eqtk5ajHn0dPH+A=,JqDO8vVxKpF1Woi/vSKLHv3BAF8=
-195,176,FApgx/YelW14eqtk5ajHn0dPH+A=,JqDO8vVxKpF1Woi/vSKLHv3BAF8=
-197,176,FApgx/YelW14eqtk5ajHn0dPH+A=,JqDO8vVxKpF1Woi/vSKLHv3BAF8=
-200,176,FApgx/YelW14eqtk5ajHn0dPH+A=,JqDO8vVxKpF1Woi/vSKLHv3BAF8=
-194,191,FApgx/YelW14eqtk5ajHn0dPH+A=,9Q8mypX1Lz/Ek06sJQIVjOPtJaU=
-199,191,FApgx/YelW14eqtk5ajHn0dPH+A=,9Q8mypX1Lz/Ek06sJQIVjOPtJaU=
-195,191,FApgx/YelW14eqtk5ajHn0dPH+A=,9Q8mypX1Lz/Ek06sJQIVjOPtJaU=
-208,176,FApgx/YelW14eqtk5ajHn0dPH+A=,Dw2O6hNLlFt71tERLtJYzpVqF0w=
-196,191,FApgx/YelW14eqtk5ajHn0dPH+A=,9Q8mypX1Lz/Ek06sJQIVjOPtJaU=
-198,191,FApgx/YelW14eqtk5ajHn0dPH+A=,9Q8mypX1Lz/Ek06sJQIVjOPtJaU=
-193,191,FApgx/YelW14eqtk5ajHn0dPH+A=,9Q8mypX1Lz/Ek06sJQIVjOPtJaU=
-200,189,FApgx/YelW14eqtk5ajHn0dPH+A=,9Q8mypX1Lz/Ek06sJQIVjOPtJaU=
-204,183,FApgx/YelW14eqtk5ajHn0dPH+A=,Dw2O6hNLlFt71tERLtJYzpVqF0w=
-197,191,FApgx/YelW14eqtk5ajHn0dPH+A=,9Q8mypX1Lz/Ek06sJQIVjOPtJaU=
-205,191,FApgx/YelW14eqtk5ajHn0dPH+A=,vDe05gxSNELbx0Uv84huScXhFR8=
-205,183,FApgx/YelW14eqtk5ajHn0dPH+A=,Dw2O6hNLlFt71tERLtJYzpVqF0w=
-204,191,FApgx/YelW14eqtk5ajHn0dPH+A=,vDe05gxSNELbx0Uv84huScXhFR8=
-207,191,FApgx/YelW14eqtk5ajHn0dPH+A=,vDe05gxSNELbx0Uv84huScXhFR8=
-206,183,FApgx/YelW14eqtk5ajHn0dPH+A=,Dw2O6hNLlFt71tERLtJYzpVqF0w=
-206,191,FApgx/YelW14eqtk5ajHn0dPH+A=,vDe05gxSNELbx0Uv84huScXhFR8=
-201,190,FApgx/YelW14eqtk5ajHn0dPH+A=,vDe05gxSNELbx0Uv84huScXhFR8=
-208,191,FApgx/YelW14eqtk5ajHn0dPH+A=,vDe05gxSNELbx0Uv84huScXhFR8=
-207,183,FApgx/YelW14eqtk5ajHn0dPH+A=,Dw2O6hNLlFt71tERLtJYzpVqF0w=
-203,183,FApgx/YelW14eqtk5ajHn0dPH+A=,Dw2O6hNLlFt71tERLtJYzpVqF0w=
-200,188,FApgx/YelW14eqtk5ajHn0dPH+A=,9Q8mypX1Lz/Ek06sJQIVjOPtJaU=
-203,190,FApgx/YelW14eqtk5ajHn0dPH+A=,vDe05gxSNELbx0Uv84huScXhFR8=
-206,190,FApgx/YelW14eqtk5ajHn0dPH+A=,vDe05gxSNELbx0Uv84huScXhFR8=
-205,190,FApgx/YelW14eqtk5ajHn0dPH+A=,vDe05gxSNELbx0Uv84huScXhFR8=
-204,190,FApgx/YelW14eqtk5ajHn0dPH+A=,vDe05gxSNELbx0Uv84huScXhFR8=
-202,190,FApgx/YelW14eqtk5ajHn0dPH+A=,vDe05gxSNELbx0Uv84huScXhFR8=
-207,190,FApgx/YelW14eqtk5ajHn0dPH+A=,vDe05gxSNELbx0Uv84huScXhFR8=
-201,189,FApgx/YelW14eqtk5ajHn0dPH+A=,vDe05gxSNELbx0Uv84huScXhFR8=
-203,189,FApgx/YelW14eqtk5ajHn0dPH+A=,vDe05gxSNELbx0Uv84huScXhFR8=
-204,189,FApgx/YelW14eqtk5ajHn0dPH+A=,vDe05gxSNELbx0Uv84huScXhFR8=
-201,183,FApgx/YelW14eqtk5ajHn0dPH+A=,Dw2O6hNLlFt71tERLtJYzpVqF0w=
-205,189,FApgx/YelW14eqtk5ajHn0dPH+A=,vDe05gxSNELbx0Uv84huScXhFR8=
-208,183,FApgx/YelW14eqtk5ajHn0dPH+A=,Dw2O6hNLlFt71tERLtJYzpVqF0w=
-206,189,FApgx/YelW14eqtk5ajHn0dPH+A=,vDe05gxSNELbx0Uv84huScXhFR8=
-208,189,FApgx/YelW14eqtk5ajHn0dPH+A=,vDe05gxSNELbx0Uv84huScXhFR8=
-207,189,FApgx/YelW14eqtk5ajHn0dPH+A=,vDe05gxSNELbx0Uv84huScXhFR8=
-203,191,FApgx/YelW14eqtk5ajHn0dPH+A=,vDe05gxSNELbx0Uv84huScXhFR8=
-201,188,FApgx/YelW14eqtk5ajHn0dPH+A=,vDe05gxSNELbx0Uv84huScXhFR8=
-204,188,FApgx/YelW14eqtk5ajHn0dPH+A=,vDe05gxSNELbx0Uv84huScXhFR8=
-202,189,FApgx/YelW14eqtk5ajHn0dPH+A=,vDe05gxSNELbx0Uv84huScXhFR8=
-206,188,FApgx/YelW14eqtk5ajHn0dPH+A=,vDe05gxSNELbx0Uv84huScXhFR8=
-207,188,FApgx/YelW14eqtk5ajHn0dPH+A=,vDe05gxSNELbx0Uv84huScXhFR8=
-205,188,FApgx/YelW14eqtk5ajHn0dPH+A=,vDe05gxSNELbx0Uv84huScXhFR8=
-203,188,FApgx/YelW14eqtk5ajHn0dPH+A=,vDe05gxSNELbx0Uv84huScXhFR8=
-202,191,FApgx/YelW14eqtk5ajHn0dPH+A=,vDe05gxSNELbx0Uv84huScXhFR8=
-200,183,FApgx/YelW14eqtk5ajHn0dPH+A=,JqDO8vVxKpF1Woi/vSKLHv3BAF8=
-200,187,FApgx/YelW14eqtk5ajHn0dPH+A=,9Q8mypX1Lz/Ek06sJQIVjOPtJaU=
-208,184,FApgx/YelW14eqtk5ajHn0dPH+A=,vDe05gxSNELbx0Uv84huScXhFR8=
-208,188,FApgx/YelW14eqtk5ajHn0dPH+A=,vDe05gxSNELbx0Uv84huScXhFR8=
-204,187,FApgx/YelW14eqtk5ajHn0dPH+A=,vDe05gxSNELbx0Uv84huScXhFR8=
-202,183,FApgx/YelW14eqtk5ajHn0dPH+A=,Dw2O6hNLlFt71tERLtJYzpVqF0w=
-205,187,FApgx/YelW14eqtk5ajHn0dPH+A=,vDe05gxSNELbx0Uv84huScXhFR8=
-208,190,FApgx/YelW14eqtk5ajHn0dPH+A=,vDe05gxSNELbx0Uv84huScXhFR8=
-202,188,FApgx/YelW14eqtk5ajHn0dPH+A=,vDe05gxSNELbx0Uv84huScXhFR8=
-207,187,FApgx/YelW14eqtk5ajHn0dPH+A=,vDe05gxSNELbx0Uv84huScXhFR8=
-201,191,FApgx/YelW14eqtk5ajHn0dPH+A=,vDe05gxSNELbx0Uv84huScXhFR8=
-206,187,FApgx/YelW14eqtk5ajHn0dPH+A=,vDe05gxSNELbx0Uv84huScXhFR8=
-208,187,FApgx/YelW14eqtk5ajHn0dPH+A=,vDe05gxSNELbx0Uv84huScXhFR8=
-203,187,FApgx/YelW14eqtk5ajHn0dPH+A=,vDe05gxSNELbx0Uv84huScXhFR8=
-201,186,FApgx/YelW14eqtk5ajHn0dPH+A=,vDe05gxSNELbx0Uv84huScXhFR8=
-200,191,FApgx/YelW14eqtk5ajHn0dPH+A=,9Q8mypX1Lz/Ek06sJQIVjOPtJaU=
-207,184,FApgx/YelW14eqtk5ajHn0dPH+A=,vDe05gxSNELbx0Uv84huScXhFR8=
-203,186,FApgx/YelW14eqtk5ajHn0dPH+A=,vDe05gxSNELbx0Uv84huScXhFR8=
-205,186,FApgx/YelW14eqtk5ajHn0dPH+A=,vDe05gxSNELbx0Uv84huScXhFR8=
-204,186,FApgx/YelW14eqtk5ajHn0dPH+A=,vDe05gxSNELbx0Uv84huScXhFR8=
-207,186,FApgx/YelW14eqtk5ajHn0dPH+A=,vDe05gxSNELbx0Uv84huScXhFR8=
-206,186,FApgx/YelW14eqtk5ajHn0dPH+A=,vDe05gxSNELbx0Uv84huScXhFR8=
-201,185,FApgx/YelW14eqtk5ajHn0dPH+A=,vDe05gxSNELbx0Uv84huScXhFR8=
-203,185,FApgx/YelW14eqtk5ajHn0dPH+A=,vDe05gxSNELbx0Uv84huScXhFR8=
-200,190,FApgx/YelW14eqtk5ajHn0dPH+A=,9Q8mypX1Lz/Ek06sJQIVjOPtJaU=
-200,186,FApgx/YelW14eqtk5ajHn0dPH+A=,9Q8mypX1Lz/Ek06sJQIVjOPtJaU=
-200,185,FApgx/YelW14eqtk5ajHn0dPH+A=,9Q8mypX1Lz/Ek06sJQIVjOPtJaU=
-207,185,FApgx/YelW14eqtk5ajHn0dPH+A=,vDe05gxSNELbx0Uv84huScXhFR8=
-206,185,FApgx/YelW14eqtk5ajHn0dPH+A=,vDe05gxSNELbx0Uv84huScXhFR8=
-202,185,FApgx/YelW14eqtk5ajHn0dPH+A=,vDe05gxSNELbx0Uv84huScXhFR8=
-204,185,FApgx/YelW14eqtk5ajHn0dPH+A=,vDe05gxSNELbx0Uv84huScXhFR8=
-208,186,FApgx/YelW14eqtk5ajHn0dPH+A=,vDe05gxSNELbx0Uv84huScXhFR8=
-208,185,FApgx/YelW14eqtk5ajHn0dPH+A=,vDe05gxSNELbx0Uv84huScXhFR8=
-205,185,FApgx/YelW14eqtk5ajHn0dPH+A=,vDe05gxSNELbx0Uv84huScXhFR8=
-200,184,FApgx/YelW14eqtk5ajHn0dPH+A=,9Q8mypX1Lz/Ek06sJQIVjOPtJaU=
-201,184,FApgx/YelW14eqtk5ajHn0dPH+A=,vDe05gxSNELbx0Uv84huScXhFR8=
-202,184,FApgx/YelW14eqtk5ajHn0dPH+A=,vDe05gxSNELbx0Uv84huScXhFR8=
-203,184,FApgx/YelW14eqtk5ajHn0dPH+A=,vDe05gxSNELbx0Uv84huScXhFR8=
-206,184,FApgx/YelW14eqtk5ajHn0dPH+A=,vDe05gxSNELbx0Uv84huScXhFR8=
-204,184,FApgx/YelW14eqtk5ajHn0dPH+A=,vDe05gxSNELbx0Uv84huScXhFR8=
-205,184,FApgx/YelW14eqtk5ajHn0dPH+A=,vDe05gxSNELbx0Uv84huScXhFR8=
-201,187,FApgx/YelW14eqtk5ajHn0dPH+A=,vDe05gxSNELbx0Uv84huScXhFR8=
-202,187,FApgx/YelW14eqtk5ajHn0dPH+A=,vDe05gxSNELbx0Uv84huScXhFR8=
-202,186,FApgx/YelW14eqtk5ajHn0dPH+A=,vDe05gxSNELbx0Uv84huScXhFR8=
-194,162,FApgx/YelW14eqtk5ajHn0dPH+A=,xO4dESkjhxr2Vr0fy/NeA2r8UuU=
-198,163,FApgx/YelW14eqtk5ajHn0dPH+A=,xO4dESkjhxr2Vr0fy/NeA2r8UuU=
-199,163,FApgx/YelW14eqtk5ajHn0dPH+A=,xO4dESkjhxr2Vr0fy/NeA2r8UuU=
-197,163,FApgx/YelW14eqtk5ajHn0dPH+A=,xO4dESkjhxr2Vr0fy/NeA2r8UuU=
-196,162,MeXrXJ3gAjtdr5cuV8/5YdcEp7M=,xO4dESkjhxr2Vr0fy/NeA2r8UuU=
-196,163,MeXrXJ3gAjtdr5cuV8/5YdcEp7M=,xO4dESkjhxr2Vr0fy/NeA2r8UuU=
-198,162,J2GJy6p/UfcFEJxg1YaW+New3B0=,xO4dESkjhxr2Vr0fy/NeA2r8UuU=
-195,162,J2GJy6p/UfcFEJxg1YaW+New3B0=,xO4dESkjhxr2Vr0fy/NeA2r8UuU=
-197,162,J2GJy6p/UfcFEJxg1YaW+New3B0=,xO4dESkjhxr2Vr0fy/NeA2r8UuU=
-194,161,J2GJy6p/UfcFEJxg1YaW+New3B0=,xO4dESkjhxr2Vr0fy/NeA2r8UuU=
-194,166,J2GJy6p/UfcFEJxg1YaW+New3B0=,xO4dESkjhxr2Vr0fy/NeA2r8UuU=
-199,162,J2GJy6p/UfcFEJxg1YaW+New3B0=,xO4dESkjhxr2Vr0fy/NeA2r8UuU=
-195,163,J2GJy6p/UfcFEJxg1YaW+New3B0=,xO4dESkjhxr2Vr0fy/NeA2r8UuU=
-197,166,J2GJy6p/UfcFEJxg1YaW+New3B0=,xO4dESkjhxr2Vr0fy/NeA2r8UuU=
-195,166,J2GJy6p/UfcFEJxg1YaW+New3B0=,xO4dESkjhxr2Vr0fy/NeA2r8UuU=
-195,161,J2GJy6p/UfcFEJxg1YaW+New3B0=,xO4dESkjhxr2Vr0fy/NeA2r8UuU=
-196,161,J2GJy6p/UfcFEJxg1YaW+New3B0=,xO4dESkjhxr2Vr0fy/NeA2r8UuU=
-196,166,J2GJy6p/UfcFEJxg1YaW+New3B0=,xO4dESkjhxr2Vr0fy/NeA2r8UuU=
-198,166,J2GJy6p/UfcFEJxg1YaW+New3B0=,xO4dESkjhxr2Vr0fy/NeA2r8UuU=
-197,161,J2GJy6p/UfcFEJxg1YaW+New3B0=,xO4dESkjhxr2Vr0fy/NeA2r8UuU=
-194,165,J2GJy6p/UfcFEJxg1YaW+New3B0=,xO4dESkjhxr2Vr0fy/NeA2r8UuU=
-198,161,J2GJy6p/UfcFEJxg1YaW+New3B0=,xO4dESkjhxr2Vr0fy/NeA2r8UuU=
-194,163,J2GJy6p/UfcFEJxg1YaW+New3B0=,xO4dESkjhxr2Vr0fy/NeA2r8UuU=
-199,166,J2GJy6p/UfcFEJxg1YaW+New3B0=,xO4dESkjhxr2Vr0fy/NeA2r8UuU=
-196,165,J2GJy6p/UfcFEJxg1YaW+New3B0=,xO4dESkjhxr2Vr0fy/NeA2r8UuU=
-197,165,J2GJy6p/UfcFEJxg1YaW+New3B0=,xO4dESkjhxr2Vr0fy/NeA2r8UuU=
-195,165,J2GJy6p/UfcFEJxg1YaW+New3B0=,xO4dESkjhxr2Vr0fy/NeA2r8UuU=
-199,165,J2GJy6p/UfcFEJxg1YaW+New3B0=,xO4dESkjhxr2Vr0fy/NeA2r8UuU=
-198,165,J2GJy6p/UfcFEJxg1YaW+New3B0=,xO4dESkjhxr2Vr0fy/NeA2r8UuU=
-199,164,J2GJy6p/UfcFEJxg1YaW+New3B0=,xO4dESkjhxr2Vr0fy/NeA2r8UuU=
-199,161,J2GJy6p/UfcFEJxg1YaW+New3B0=,xO4dESkjhxr2Vr0fy/NeA2r8UuU=
-194,164,J2GJy6p/UfcFEJxg1YaW+New3B0=,xO4dESkjhxr2Vr0fy/NeA2r8UuU=
-197,164,J2GJy6p/UfcFEJxg1YaW+New3B0=,xO4dESkjhxr2Vr0fy/NeA2r8UuU=
-195,164,J2GJy6p/UfcFEJxg1YaW+New3B0=,xO4dESkjhxr2Vr0fy/NeA2r8UuU=
-193,166,J2GJy6p/UfcFEJxg1YaW+New3B0=,xO4dESkjhxr2Vr0fy/NeA2r8UuU=
-196,164,J2GJy6p/UfcFEJxg1YaW+New3B0=,xO4dESkjhxr2Vr0fy/NeA2r8UuU=
-193,162,J2GJy6p/UfcFEJxg1YaW+New3B0=,xO4dESkjhxr2Vr0fy/NeA2r8UuU=
-193,163,J2GJy6p/UfcFEJxg1YaW+New3B0=,xO4dESkjhxr2Vr0fy/NeA2r8UuU=
-193,161,J2GJy6p/UfcFEJxg1YaW+New3B0=,xO4dESkjhxr2Vr0fy/NeA2r8UuU=
-193,165,J2GJy6p/UfcFEJxg1YaW+New3B0=,xO4dESkjhxr2Vr0fy/NeA2r8UuU=
-193,164,J2GJy6p/UfcFEJxg1YaW+New3B0=,xO4dESkjhxr2Vr0fy/NeA2r8UuU=
-196,173,J2GJy6p/UfcFEJxg1YaW+New3B0=,nMaDB2oaZEsKwlAW5sCDRRB0YjE=
-195,173,J2GJy6p/UfcFEJxg1YaW+New3B0=,nMaDB2oaZEsKwlAW5sCDRRB0YjE=
-194,173,J2GJy6p/UfcFEJxg1YaW+New3B0=,nMaDB2oaZEsKwlAW5sCDRRB0YjE=
-198,164,J2GJy6p/UfcFEJxg1YaW+New3B0=,xO4dESkjhxr2Vr0fy/NeA2r8UuU=
-199,168,J2GJy6p/UfcFEJxg1YaW+New3B0=,nMaDB2oaZEsKwlAW5sCDRRB0YjE=
-198,168,J2GJy6p/UfcFEJxg1YaW+New3B0=,nMaDB2oaZEsKwlAW5sCDRRB0YjE=
-193,173,J2GJy6p/UfcFEJxg1YaW+New3B0=,nMaDB2oaZEsKwlAW5sCDRRB0YjE=
-197,168,J2GJy6p/UfcFEJxg1YaW+New3B0=,nMaDB2oaZEsKwlAW5sCDRRB0YjE=
-198,174,J2GJy6p/UfcFEJxg1YaW+New3B0=,nMaDB2oaZEsKwlAW5sCDRRB0YjE=
-199,174,J2GJy6p/UfcFEJxg1YaW+New3B0=,nMaDB2oaZEsKwlAW5sCDRRB0YjE=
-197,174,J2GJy6p/UfcFEJxg1YaW+New3B0=,nMaDB2oaZEsKwlAW5sCDRRB0YjE=
-197,173,J2GJy6p/UfcFEJxg1YaW+New3B0=,nMaDB2oaZEsKwlAW5sCDRRB0YjE=
-193,167,J2GJy6p/UfcFEJxg1YaW+New3B0=,xO4dESkjhxr2Vr0fy/NeA2r8UuU=
-196,174,J2GJy6p/UfcFEJxg1YaW+New3B0=,nMaDB2oaZEsKwlAW5sCDRRB0YjE=
-194,167,J2GJy6p/UfcFEJxg1YaW+New3B0=,xO4dESkjhxr2Vr0fy/NeA2r8UuU=
-195,174,J2GJy6p/UfcFEJxg1YaW+New3B0=,nMaDB2oaZEsKwlAW5sCDRRB0YjE=
-195,167,J2GJy6p/UfcFEJxg1YaW+New3B0=,xO4dESkjhxr2Vr0fy/NeA2r8UuU=
-196,168,J2GJy6p/UfcFEJxg1YaW+New3B0=,nMaDB2oaZEsKwlAW5sCDRRB0YjE=
-199,173,J2GJy6p/UfcFEJxg1YaW+New3B0=,nMaDB2oaZEsKwlAW5sCDRRB0YjE=
-194,174,J2GJy6p/UfcFEJxg1YaW+New3B0=,nMaDB2oaZEsKwlAW5sCDRRB0YjE=
-193,172,J2GJy6p/UfcFEJxg1YaW+New3B0=,nMaDB2oaZEsKwlAW5sCDRRB0YjE=
-198,173,J2GJy6p/UfcFEJxg1YaW+New3B0=,nMaDB2oaZEsKwlAW5sCDRRB0YjE=
-199,167,J2GJy6p/UfcFEJxg1YaW+New3B0=,xO4dESkjhxr2Vr0fy/NeA2r8UuU=
-195,168,J2GJy6p/UfcFEJxg1YaW+New3B0=,nMaDB2oaZEsKwlAW5sCDRRB0YjE=
-193,174,J2GJy6p/UfcFEJxg1YaW+New3B0=,nMaDB2oaZEsKwlAW5sCDRRB0YjE=
-196,167,J2GJy6p/UfcFEJxg1YaW+New3B0=,xO4dESkjhxr2Vr0fy/NeA2r8UuU=
-198,167,J2GJy6p/UfcFEJxg1YaW+New3B0=,xO4dESkjhxr2Vr0fy/NeA2r8UuU=
-197,172,J2GJy6p/UfcFEJxg1YaW+New3B0=,nMaDB2oaZEsKwlAW5sCDRRB0YjE=
-195,172,J2GJy6p/UfcFEJxg1YaW+New3B0=,nMaDB2oaZEsKwlAW5sCDRRB0YjE=
-196,172,J2GJy6p/UfcFEJxg1YaW+New3B0=,nMaDB2oaZEsKwlAW5sCDRRB0YjE=
-198,172,J2GJy6p/UfcFEJxg1YaW+New3B0=,nMaDB2oaZEsKwlAW5sCDRRB0YjE=
-194,168,J2GJy6p/UfcFEJxg1YaW+New3B0=,nMaDB2oaZEsKwlAW5sCDRRB0YjE=
-197,167,J2GJy6p/UfcFEJxg1YaW+New3B0=,xO4dESkjhxr2Vr0fy/NeA2r8UuU=
-199,172,J2GJy6p/UfcFEJxg1YaW+New3B0=,nMaDB2oaZEsKwlAW5sCDRRB0YjE=
-193,171,J2GJy6p/UfcFEJxg1YaW+New3B0=,nMaDB2oaZEsKwlAW5sCDRRB0YjE=
-194,171,J2GJy6p/UfcFEJxg1YaW+New3B0=,nMaDB2oaZEsKwlAW5sCDRRB0YjE=
-195,171,J2GJy6p/UfcFEJxg1YaW+New3B0=,nMaDB2oaZEsKwlAW5sCDRRB0YjE=
-196,171,J2GJy6p/UfcFEJxg1YaW+New3B0=,nMaDB2oaZEsKwlAW5sCDRRB0YjE=
-193,168,J2GJy6p/UfcFEJxg1YaW+New3B0=,nMaDB2oaZEsKwlAW5sCDRRB0YjE=
-194,172,J2GJy6p/UfcFEJxg1YaW+New3B0=,nMaDB2oaZEsKwlAW5sCDRRB0YjE=
-199,169,J2GJy6p/UfcFEJxg1YaW+New3B0=,nMaDB2oaZEsKwlAW5sCDRRB0YjE=
-197,171,J2GJy6p/UfcFEJxg1YaW+New3B0=,nMaDB2oaZEsKwlAW5sCDRRB0YjE=
-198,171,J2GJy6p/UfcFEJxg1YaW+New3B0=,nMaDB2oaZEsKwlAW5sCDRRB0YjE=
-193,170,J2GJy6p/UfcFEJxg1YaW+New3B0=,nMaDB2oaZEsKwlAW5sCDRRB0YjE=
-196,170,J2GJy6p/UfcFEJxg1YaW+New3B0=,nMaDB2oaZEsKwlAW5sCDRRB0YjE=
-199,171,J2GJy6p/UfcFEJxg1YaW+New3B0=,nMaDB2oaZEsKwlAW5sCDRRB0YjE=
-198,169,J2GJy6p/UfcFEJxg1YaW+New3B0=,nMaDB2oaZEsKwlAW5sCDRRB0YjE=
-195,170,J2GJy6p/UfcFEJxg1YaW+New3B0=,nMaDB2oaZEsKwlAW5sCDRRB0YjE=
-198,170,J2GJy6p/UfcFEJxg1YaW+New3B0=,nMaDB2oaZEsKwlAW5sCDRRB0YjE=
-199,170,J2GJy6p/UfcFEJxg1YaW+New3B0=,nMaDB2oaZEsKwlAW5sCDRRB0YjE=
-194,170,J2GJy6p/UfcFEJxg1YaW+New3B0=,nMaDB2oaZEsKwlAW5sCDRRB0YjE=
-193,169,J2GJy6p/UfcFEJxg1YaW+New3B0=,nMaDB2oaZEsKwlAW5sCDRRB0YjE=
-197,170,J2GJy6p/UfcFEJxg1YaW+New3B0=,nMaDB2oaZEsKwlAW5sCDRRB0YjE=
-197,169,J2GJy6p/UfcFEJxg1YaW+New3B0=,nMaDB2oaZEsKwlAW5sCDRRB0YjE=
-195,169,J2GJy6p/UfcFEJxg1YaW+New3B0=,nMaDB2oaZEsKwlAW5sCDRRB0YjE=
-194,169,J2GJy6p/UfcFEJxg1YaW+New3B0=,nMaDB2oaZEsKwlAW5sCDRRB0YjE=
-196,169,J2GJy6p/UfcFEJxg1YaW+New3B0=,nMaDB2oaZEsKwlAW5sCDRRB0YjE=
-203,166,J2GJy6p/UfcFEJxg1YaW+New3B0=,NIor4GbOdI41LbAVKC0DEFhYffE=
-204,165,J2GJy6p/UfcFEJxg1YaW+New3B0=,NIor4GbOdI41LbAVKC0DEFhYffE=
-200,162,J2GJy6p/UfcFEJxg1YaW+New3B0=,xO4dESkjhxr2Vr0fy/NeA2r8UuU=
-203,165,J2GJy6p/UfcFEJxg1YaW+New3B0=,NIor4GbOdI41LbAVKC0DEFhYffE=
-200,163,J2GJy6p/UfcFEJxg1YaW+New3B0=,xO4dESkjhxr2Vr0fy/NeA2r8UuU=
-205,165,J2GJy6p/UfcFEJxg1YaW+New3B0=,NIor4GbOdI41LbAVKC0DEFhYffE=
-204,162,J2GJy6p/UfcFEJxg1YaW+New3B0=,NIor4GbOdI41LbAVKC0DEFhYffE=
-205,160,J2GJy6p/UfcFEJxg1YaW+New3B0=,NIor4GbOdI41LbAVKC0DEFhYffE=
-205,166,J2GJy6p/UfcFEJxg1YaW+New3B0=,NIor4GbOdI41LbAVKC0DEFhYffE=
-201,164,J2GJy6p/UfcFEJxg1YaW+New3B0=,NIor4GbOdI41LbAVKC0DEFhYffE=
-207,164,J2GJy6p/UfcFEJxg1YaW+New3B0=,NIor4GbOdI41LbAVKC0DEFhYffE=
-204,166,J2GJy6p/UfcFEJxg1YaW+New3B0=,NIor4GbOdI41LbAVKC0DEFhYffE=
-205,162,J2GJy6p/UfcFEJxg1YaW+New3B0=,NIor4GbOdI41LbAVKC0DEFhYffE=
-208,165,J2GJy6p/UfcFEJxg1YaW+New3B0=,NIor4GbOdI41LbAVKC0DEFhYffE=
-206,162,J2GJy6p/UfcFEJxg1YaW+New3B0=,NIor4GbOdI41LbAVKC0DEFhYffE=
-200,166,J2GJy6p/UfcFEJxg1YaW+New3B0=,xO4dESkjhxr2Vr0fy/NeA2r8UuU=
-206,163,J2GJy6p/UfcFEJxg1YaW+New3B0=,NIor4GbOdI41LbAVKC0DEFhYffE=
-205,163,J2GJy6p/UfcFEJxg1YaW+New3B0=,NIor4GbOdI41LbAVKC0DEFhYffE=
-200,161,J2GJy6p/UfcFEJxg1YaW+New3B0=,xO4dESkjhxr2Vr0fy/NeA2r8UuU=
-207,165,J2GJy6p/UfcFEJxg1YaW+New3B0=,NIor4GbOdI41LbAVKC0DEFhYffE=
-208,162,J2GJy6p/UfcFEJxg1YaW+New3B0=,NIor4GbOdI41LbAVKC0DEFhYffE=
-201,161,J2GJy6p/UfcFEJxg1YaW+New3B0=,NIor4GbOdI41LbAVKC0DEFhYffE=
-205,161,J2GJy6p/UfcFEJxg1YaW+New3B0=,NIor4GbOdI41LbAVKC0DEFhYffE=
-207,162,J2GJy6p/UfcFEJxg1YaW+New3B0=,NIor4GbOdI41LbAVKC0DEFhYffE=
-207,160,J2GJy6p/UfcFEJxg1YaW+New3B0=,NIor4GbOdI41LbAVKC0DEFhYffE=
-206,165,J2GJy6p/UfcFEJxg1YaW+New3B0=,NIor4GbOdI41LbAVKC0DEFhYffE=
-206,161,J2GJy6p/UfcFEJxg1YaW+New3B0=,NIor4GbOdI41LbAVKC0DEFhYffE=
-201,163,J2GJy6p/UfcFEJxg1YaW+New3B0=,NIor4GbOdI41LbAVKC0DEFhYffE=
-207,161,J2GJy6p/UfcFEJxg1YaW+New3B0=,NIor4GbOdI41LbAVKC0DEFhYffE=
-200,165,J2GJy6p/UfcFEJxg1YaW+New3B0=,xO4dESkjhxr2Vr0fy/NeA2r8UuU=
-206,166,J2GJy6p/UfcFEJxg1YaW+New3B0=,NIor4GbOdI41LbAVKC0DEFhYffE=
-206,164,J2GJy6p/UfcFEJxg1YaW+New3B0=,NIor4GbOdI41LbAVKC0DEFhYffE=
-203,161,J2GJy6p/UfcFEJxg1YaW+New3B0=,NIor4GbOdI41LbAVKC0DEFhYffE=
-202,164,J2GJy6p/UfcFEJxg1YaW+New3B0=,NIor4GbOdI41LbAVKC0DEFhYffE=
-208,161,J2GJy6p/UfcFEJxg1YaW+New3B0=,NIor4GbOdI41LbAVKC0DEFhYffE=
-203,160,J2GJy6p/UfcFEJxg1YaW+New3B0=,NIor4GbOdI41LbAVKC0DEFhYffE=
-208,163,J2GJy6p/UfcFEJxg1YaW+New3B0=,NIor4GbOdI41LbAVKC0DEFhYffE=
-202,160,J2GJy6p/UfcFEJxg1YaW+New3B0=,NIor4GbOdI41LbAVKC0DEFhYffE=
-202,163,J2GJy6p/UfcFEJxg1YaW+New3B0=,NIor4GbOdI41LbAVKC0DEFhYffE=
-202,166,J2GJy6p/UfcFEJxg1YaW+New3B0=,NIor4GbOdI41LbAVKC0DEFhYffE=
-208,166,J2GJy6p/UfcFEJxg1YaW+New3B0=,NIor4GbOdI41LbAVKC0DEFhYffE=
-207,166,J2GJy6p/UfcFEJxg1YaW+New3B0=,NIor4GbOdI41LbAVKC0DEFhYffE=
-206,160,J2GJy6p/UfcFEJxg1YaW+New3B0=,NIor4GbOdI41LbAVKC0DEFhYffE=
-201,166,J2GJy6p/UfcFEJxg1YaW+New3B0=,NIor4GbOdI41LbAVKC0DEFhYffE=
-205,164,J2GJy6p/UfcFEJxg1YaW+New3B0=,NIor4GbOdI41LbAVKC0DEFhYffE=
-201,162,J2GJy6p/UfcFEJxg1YaW+New3B0=,NIor4GbOdI41LbAVKC0DEFhYffE=
-203,163,J2GJy6p/UfcFEJxg1YaW+New3B0=,NIor4GbOdI41LbAVKC0DEFhYffE=
-203,162,J2GJy6p/UfcFEJxg1YaW+New3B0=,NIor4GbOdI41LbAVKC0DEFhYffE=
-204,161,J2GJy6p/UfcFEJxg1YaW+New3B0=,NIor4GbOdI41LbAVKC0DEFhYffE=
-201,165,J2GJy6p/UfcFEJxg1YaW+New3B0=,NIor4GbOdI41LbAVKC0DEFhYffE=
-204,164,J2GJy6p/UfcFEJxg1YaW+New3B0=,NIor4GbOdI41LbAVKC0DEFhYffE=
-203,164,J2GJy6p/UfcFEJxg1YaW+New3B0=,NIor4GbOdI41LbAVKC0DEFhYffE=
-200,164,J2GJy6p/UfcFEJxg1YaW+New3B0=,xO4dESkjhxr2Vr0fy/NeA2r8UuU=
-204,163,J2GJy6p/UfcFEJxg1YaW+New3B0=,NIor4GbOdI41LbAVKC0DEFhYffE=
-202,162,J2GJy6p/UfcFEJxg1YaW+New3B0=,NIor4GbOdI41LbAVKC0DEFhYffE=
-204,160,J2GJy6p/UfcFEJxg1YaW+New3B0=,NIor4GbOdI41LbAVKC0DEFhYffE=
-207,163,J2GJy6p/UfcFEJxg1YaW+New3B0=,NIor4GbOdI41LbAVKC0DEFhYffE=
-202,165,J2GJy6p/UfcFEJxg1YaW+New3B0=,NIor4GbOdI41LbAVKC0DEFhYffE=
-202,161,J2GJy6p/UfcFEJxg1YaW+New3B0=,NIor4GbOdI41LbAVKC0DEFhYffE=
-195,160,J2GJy6p/UfcFEJxg1YaW+New3B0=,xO4dESkjhxr2Vr0fy/NeA2r8UuU=
-208,164,J2GJy6p/UfcFEJxg1YaW+New3B0=,NIor4GbOdI41LbAVKC0DEFhYffE=
-197,160,J2GJy6p/UfcFEJxg1YaW+New3B0=,xO4dESkjhxr2Vr0fy/NeA2r8UuU=
-200,160,J2GJy6p/UfcFEJxg1YaW+New3B0=,xO4dESkjhxr2Vr0fy/NeA2r8UuU=
-198,160,J2GJy6p/UfcFEJxg1YaW+New3B0=,xO4dESkjhxr2Vr0fy/NeA2r8UuU=
-194,160,J2GJy6p/UfcFEJxg1YaW+New3B0=,xO4dESkjhxr2Vr0fy/NeA2r8UuU=
-199,160,J2GJy6p/UfcFEJxg1YaW+New3B0=,xO4dESkjhxr2Vr0fy/NeA2r8UuU=
-201,160,J2GJy6p/UfcFEJxg1YaW+New3B0=,NIor4GbOdI41LbAVKC0DEFhYffE=
-194,175,J2GJy6p/UfcFEJxg1YaW+New3B0=,nMaDB2oaZEsKwlAW5sCDRRB0YjE=
-198,175,J2GJy6p/UfcFEJxg1YaW+New3B0=,nMaDB2oaZEsKwlAW5sCDRRB0YjE=
-195,175,J2GJy6p/UfcFEJxg1YaW+New3B0=,nMaDB2oaZEsKwlAW5sCDRRB0YjE=
-196,160,J2GJy6p/UfcFEJxg1YaW+New3B0=,xO4dESkjhxr2Vr0fy/NeA2r8UuU=
-199,175,J2GJy6p/UfcFEJxg1YaW+New3B0=,nMaDB2oaZEsKwlAW5sCDRRB0YjE=
-197,175,J2GJy6p/UfcFEJxg1YaW+New3B0=,nMaDB2oaZEsKwlAW5sCDRRB0YjE=
-196,175,J2GJy6p/UfcFEJxg1YaW+New3B0=,nMaDB2oaZEsKwlAW5sCDRRB0YjE=
-208,160,J2GJy6p/UfcFEJxg1YaW+New3B0=,NIor4GbOdI41LbAVKC0DEFhYffE=
-193,160,J2GJy6p/UfcFEJxg1YaW+New3B0=,xO4dESkjhxr2Vr0fy/NeA2r8UuU=
-193,175,J2GJy6p/UfcFEJxg1YaW+New3B0=,nMaDB2oaZEsKwlAW5sCDRRB0YjE=
-204,175,J2GJy6p/UfcFEJxg1YaW+New3B0=,PGXqkqF9gAjr2v/7U85BI2ymjGs=
-205,175,J2GJy6p/UfcFEJxg1YaW+New3B0=,PGXqkqF9gAjr2v/7U85BI2ymjGs=
-200,173,J2GJy6p/UfcFEJxg1YaW+New3B0=,nMaDB2oaZEsKwlAW5sCDRRB0YjE=
-204,167,J2GJy6p/UfcFEJxg1YaW+New3B0=,NIor4GbOdI41LbAVKC0DEFhYffE=
-200,167,J2GJy6p/UfcFEJxg1YaW+New3B0=,xO4dESkjhxr2Vr0fy/NeA2r8UuU=
-206,175,J2GJy6p/UfcFEJxg1YaW+New3B0=,PGXqkqF9gAjr2v/7U85BI2ymjGs=
-203,167,J2GJy6p/UfcFEJxg1YaW+New3B0=,NIor4GbOdI41LbAVKC0DEFhYffE=
-203,175,J2GJy6p/UfcFEJxg1YaW+New3B0=,PGXqkqF9gAjr2v/7U85BI2ymjGs=
-207,175,J2GJy6p/UfcFEJxg1YaW+New3B0=,PGXqkqF9gAjr2v/7U85BI2ymjGs=
-205,167,J2GJy6p/UfcFEJxg1YaW+New3B0=,NIor4GbOdI41LbAVKC0DEFhYffE=
-208,175,J2GJy6p/UfcFEJxg1YaW+New3B0=,PGXqkqF9gAjr2v/7U85BI2ymjGs=
-202,174,J2GJy6p/UfcFEJxg1YaW+New3B0=,PGXqkqF9gAjr2v/7U85BI2ymjGs=
-202,167,J2GJy6p/UfcFEJxg1YaW+New3B0=,NIor4GbOdI41LbAVKC0DEFhYffE=
-203,174,J2GJy6p/UfcFEJxg1YaW+New3B0=,PGXqkqF9gAjr2v/7U85BI2ymjGs=
-206,167,J2GJy6p/UfcFEJxg1YaW+New3B0=,NIor4GbOdI41LbAVKC0DEFhYffE=
-201,174,J2GJy6p/UfcFEJxg1YaW+New3B0=,PGXqkqF9gAjr2v/7U85BI2ymjGs=
-204,174,J2GJy6p/UfcFEJxg1YaW+New3B0=,PGXqkqF9gAjr2v/7U85BI2ymjGs=
-201,167,J2GJy6p/UfcFEJxg1YaW+New3B0=,NIor4GbOdI41LbAVKC0DEFhYffE=
-206,174,J2GJy6p/UfcFEJxg1YaW+New3B0=,PGXqkqF9gAjr2v/7U85BI2ymjGs=
-202,175,J2GJy6p/UfcFEJxg1YaW+New3B0=,PGXqkqF9gAjr2v/7U85BI2ymjGs=
-208,174,J2GJy6p/UfcFEJxg1YaW+New3B0=,PGXqkqF9gAjr2v/7U85BI2ymjGs=
-205,174,J2GJy6p/UfcFEJxg1YaW+New3B0=,PGXqkqF9gAjr2v/7U85BI2ymjGs=
-201,175,J2GJy6p/UfcFEJxg1YaW+New3B0=,PGXqkqF9gAjr2v/7U85BI2ymjGs=
-203,173,J2GJy6p/UfcFEJxg1YaW+New3B0=,PGXqkqF9gAjr2v/7U85BI2ymjGs=
-207,174,J2GJy6p/UfcFEJxg1YaW+New3B0=,PGXqkqF9gAjr2v/7U85BI2ymjGs=
-204,173,J2GJy6p/UfcFEJxg1YaW+New3B0=,PGXqkqF9gAjr2v/7U85BI2ymjGs=
-200,168,J2GJy6p/UfcFEJxg1YaW+New3B0=,nMaDB2oaZEsKwlAW5sCDRRB0YjE=
-205,173,J2GJy6p/UfcFEJxg1YaW+New3B0=,PGXqkqF9gAjr2v/7U85BI2ymjGs=
-207,167,J2GJy6p/UfcFEJxg1YaW+New3B0=,NIor4GbOdI41LbAVKC0DEFhYffE=
-206,173,J2GJy6p/UfcFEJxg1YaW+New3B0=,PGXqkqF9gAjr2v/7U85BI2ymjGs=
-208,168,J2GJy6p/UfcFEJxg1YaW+New3B0=,PGXqkqF9gAjr2v/7U85BI2ymjGs=
-207,173,J2GJy6p/UfcFEJxg1YaW+New3B0=,PGXqkqF9gAjr2v/7U85BI2ymjGs=
-200,172,J2GJy6p/UfcFEJxg1YaW+New3B0=,nMaDB2oaZEsKwlAW5sCDRRB0YjE=
-207,168,J2GJy6p/UfcFEJxg1YaW+New3B0=,PGXqkqF9gAjr2v/7U85BI2ymjGs=
-208,173,J2GJy6p/UfcFEJxg1YaW+New3B0=,PGXqkqF9gAjr2v/7U85BI2ymjGs=
-204,172,J2GJy6p/UfcFEJxg1YaW+New3B0=,PGXqkqF9gAjr2v/7U85BI2ymjGs=
-206,168,J2GJy6p/UfcFEJxg1YaW+New3B0=,PGXqkqF9gAjr2v/7U85BI2ymjGs=
-201,172,J2GJy6p/UfcFEJxg1YaW+New3B0=,PGXqkqF9gAjr2v/7U85BI2ymjGs=
-205,172,J2GJy6p/UfcFEJxg1YaW+New3B0=,PGXqkqF9gAjr2v/7U85BI2ymjGs=
-205,168,J2GJy6p/UfcFEJxg1YaW+New3B0=,PGXqkqF9gAjr2v/7U85BI2ymjGs=
-203,172,J2GJy6p/UfcFEJxg1YaW+New3B0=,PGXqkqF9gAjr2v/7U85BI2ymjGs=
-208,172,J2GJy6p/UfcFEJxg1YaW+New3B0=,PGXqkqF9gAjr2v/7U85BI2ymjGs=
-206,172,J2GJy6p/UfcFEJxg1YaW+New3B0=,PGXqkqF9gAjr2v/7U85BI2ymjGs=
-207,172,J2GJy6p/UfcFEJxg1YaW+New3B0=,PGXqkqF9gAjr2v/7U85BI2ymjGs=
-204,168,J2GJy6p/UfcFEJxg1YaW+New3B0=,PGXqkqF9gAjr2v/7U85BI2ymjGs=
-201,171,J2GJy6p/UfcFEJxg1YaW+New3B0=,PGXqkqF9gAjr2v/7U85BI2ymjGs=
-201,173,J2GJy6p/UfcFEJxg1YaW+New3B0=,PGXqkqF9gAjr2v/7U85BI2ymjGs=
-202,171,J2GJy6p/UfcFEJxg1YaW+New3B0=,PGXqkqF9gAjr2v/7U85BI2ymjGs=
-204,171,J2GJy6p/UfcFEJxg1YaW+New3B0=,PGXqkqF9gAjr2v/7U85BI2ymjGs=
-203,171,J2GJy6p/UfcFEJxg1YaW+New3B0=,PGXqkqF9gAjr2v/7U85BI2ymjGs=
-203,168,J2GJy6p/UfcFEJxg1YaW+New3B0=,PGXqkqF9gAjr2v/7U85BI2ymjGs=
-206,171,J2GJy6p/UfcFEJxg1YaW+New3B0=,PGXqkqF9gAjr2v/7U85BI2ymjGs=
-202,173,J2GJy6p/UfcFEJxg1YaW+New3B0=,PGXqkqF9gAjr2v/7U85BI2ymjGs=
-200,171,J2GJy6p/UfcFEJxg1YaW+New3B0=,nMaDB2oaZEsKwlAW5sCDRRB0YjE=
-205,171,J2GJy6p/UfcFEJxg1YaW+New3B0=,PGXqkqF9gAjr2v/7U85BI2ymjGs=
-202,168,J2GJy6p/UfcFEJxg1YaW+New3B0=,PGXqkqF9gAjr2v/7U85BI2ymjGs=
-207,171,J2GJy6p/UfcFEJxg1YaW+New3B0=,PGXqkqF9gAjr2v/7U85BI2ymjGs=
-201,170,J2GJy6p/UfcFEJxg1YaW+New3B0=,PGXqkqF9gAjr2v/7U85BI2ymjGs=
-208,171,J2GJy6p/UfcFEJxg1YaW+New3B0=,PGXqkqF9gAjr2v/7U85BI2ymjGs=
-202,170,J2GJy6p/UfcFEJxg1YaW+New3B0=,PGXqkqF9gAjr2v/7U85BI2ymjGs=
-208,167,J2GJy6p/UfcFEJxg1YaW+New3B0=,NIor4GbOdI41LbAVKC0DEFhYffE=
-200,170,J2GJy6p/UfcFEJxg1YaW+New3B0=,nMaDB2oaZEsKwlAW5sCDRRB0YjE=
-204,170,J2GJy6p/UfcFEJxg1YaW+New3B0=,PGXqkqF9gAjr2v/7U85BI2ymjGs=
-203,170,J2GJy6p/UfcFEJxg1YaW+New3B0=,PGXqkqF9gAjr2v/7U85BI2ymjGs=
-201,168,J2GJy6p/UfcFEJxg1YaW+New3B0=,PGXqkqF9gAjr2v/7U85BI2ymjGs=
-205,170,J2GJy6p/UfcFEJxg1YaW+New3B0=,PGXqkqF9gAjr2v/7U85BI2ymjGs=
-206,170,J2GJy6p/UfcFEJxg1YaW+New3B0=,PGXqkqF9gAjr2v/7U85BI2ymjGs=
-200,169,J2GJy6p/UfcFEJxg1YaW+New3B0=,nMaDB2oaZEsKwlAW5sCDRRB0YjE=
-208,170,J2GJy6p/UfcFEJxg1YaW+New3B0=,PGXqkqF9gAjr2v/7U85BI2ymjGs=
-208,169,J2GJy6p/UfcFEJxg1YaW+New3B0=,PGXqkqF9gAjr2v/7U85BI2ymjGs=
-207,170,J2GJy6p/UfcFEJxg1YaW+New3B0=,PGXqkqF9gAjr2v/7U85BI2ymjGs=
-201,169,J2GJy6p/UfcFEJxg1YaW+New3B0=,PGXqkqF9gAjr2v/7U85BI2ymjGs=
-205,169,J2GJy6p/UfcFEJxg1YaW+New3B0=,PGXqkqF9gAjr2v/7U85BI2ymjGs=
-204,169,J2GJy6p/UfcFEJxg1YaW+New3B0=,PGXqkqF9gAjr2v/7U85BI2ymjGs=
-202,169,J2GJy6p/UfcFEJxg1YaW+New3B0=,PGXqkqF9gAjr2v/7U85BI2ymjGs=
-200,174,J2GJy6p/UfcFEJxg1YaW+New3B0=,nMaDB2oaZEsKwlAW5sCDRRB0YjE=
-206,169,J2GJy6p/UfcFEJxg1YaW+New3B0=,PGXqkqF9gAjr2v/7U85BI2ymjGs=
-203,169,J2GJy6p/UfcFEJxg1YaW+New3B0=,PGXqkqF9gAjr2v/7U85BI2ymjGs=
-202,172,J2GJy6p/UfcFEJxg1YaW+New3B0=,PGXqkqF9gAjr2v/7U85BI2ymjGs=
-200,175,J2GJy6p/UfcFEJxg1YaW+New3B0=,nMaDB2oaZEsKwlAW5sCDRRB0YjE=
-207,169,J2GJy6p/UfcFEJxg1YaW+New3B0=,PGXqkqF9gAjr2v/7U85BI2ymjGs=
